1567381236,s5,0.00,0.00,0.00,0,0,0.00,0.00,0.00,0,0,0.00,0.00,0,0
1567381236,s1,0.00,0.00,0.00,0,0,0.00,0.00,0.00,0,0,0.00,0.00,0,0
1567381236,eth0,0.00,0.00,0.00,0,0,0.00,0.00,0.00,0,0,0.00,0.00,0,0
1567381236,s2,0.00,0.00,0.00,0,0,0.00,0.00,0.00,0,0,0.00,0.00,0,0
1567381236,s1-eth2,0.00,0.00,0.00,0,0,0.00,0.00,0.00,0,0,0.00,0.00,0,0
1567381236,s1-eth0,0.00,0.00,0.00,0,0,0.00,0.00,0.00,0,0,0.00,0.00,0,0
1567381236,s1-eth1,0.00,0.00,0.00,0,0,0.00,0.00,0.00,0,0,0.00,0.00,0,0
1567381236,s2-eth1,0.00,0.00,0.00,0,0,0.00,0.00,0.00,0,0,0.00,0.00,0,0
1567381236,lo,0.00,0.00,0.00,0,0,0.00,0.00,0.00,0,0,0.00,0.00,0,0
1567381236,total,0.00,0.00,0.00,0,0,0.00,0.00,0.00,0,0,0.00,0.00,0,0
1567381237,s5,0.00,0.00,0.00,0,0,0.00,0.00,0.00,0,0,0.00,0.00,0,0
1567381237,s1,160.00,0.00,160.00,0,160,2.00,0.00,2.00,0,2,0.00,0.00,0,0
1567381237,eth0,0.00,0.00,0.00,0,0,0.00,0.00,0.00,0,0,0.00,0.00,0,0
1567381237,s2,160.00,1856.00,2016.00,1856,160,2.00,8.00,10.00,8,2,0.00,0.00,0,0
1567381237,s1-eth2,148758.00,6004524.00,6153282.00,6004524,148758,1993.00,3966.00,5959.00,3966,1993,0.00,0.00,0,0
1567381237,s1-eth0,1856.00,1594.00,3450.00,1594,1856,8.00,11.00,19.00,11,8,0.00,0.00,0,0
1567381237,s1-eth1,6008054.00,146742.00,6154796.00,146742,6008054,3977.00,1983.00,5960.00,1983,3977,0.00,0.00,0,0
1567381237,s2-eth1,1594.00,1856.00,3450.00,1856,1594,11.00,8.00,19.00,8,11,0.00,0.00,0,0
1567381237,lo,3643.00,3643.00,7286.00,3643,3643,36.00,36.00,72.00,36,36,0.00,0.00,0,0
1567381237,total,6164225.00,6160215.00,12324440.00,6160215,6164225,6029.00,6012.00,12041.00,6012,6029,0.00,0.00,0,0
1567381238,s5,0.00,0.00,0.00,0,0,0.00,0.00,0.00,0,0,0.00,0.00,0,0
1567381238,s1,90.00,0.00,90.00,0,90,1.00,0.00,1.00,0,1,0.00,0.00,0,0
1567381238,eth0,0.00,0.00,0.00,0,0,0.00,0.00,0.00,0,0,0.00,0.00,0,0
1567381238,s2,90.00,936.00,1026.00,936,90,1.00,3.00,4.00,3,1,0.00,0.00,0,0
1567381238,s1-eth2,149324.00,6072654.00,6221978.00,6072654,149324,2011.00,4011.00,6022.00,4011,2011,0.00,0.00,0,0
1567381238,s1-eth0,936.00,1478.00,2414.00,1478,936,3.00,6.00,9.00,6,3,0.00,0.00,0,0
1567381238,s1-eth1,6068918.00,148296.00,6217214.00,148296,6068918,4012.00,2004.00,6016.00,2004,4012,0.00,0.00,0,0
1567381238,s2-eth1,1478.00,936.00,2414.00,936,1478,6.00,3.00,9.00,3,6,0.00,0.00,0,0
1567381238,lo,1554.00,1554.00,3108.00,1554,1554,15.00,15.00,30.00,15,15,0.00,0.00,0,0
1567381238,total,6222390.00,6225854.00,12448244.00,6225854,6222390,6049.00,6042.00,12091.00,6042,6049,0.00,0.00,0,0
1567381239,s5,0.00,0.00,0.00,0,0,0.00,0.00,0.00,0,0,0.00,0.00,0,0
1567381239,s1,0.00,0.00,0.00,0,0,0.00,0.00,0.00,0,0,0.00,0.00,0,0
1567381239,eth0,0.00,0.00,0.00,0,0,0.00,0.00,0.00,0,0,0.00,0.00,0,0
1567381239,s2,0.00,107.00,107.00,107,0,0.00,1.00,1.00,1,0,0.00,0.00,0,0
1567381239,s1-eth2,148697.00,6078710.00,6227407.00,6078710,148697,2006.00,4015.00,6021.00,4015,2006,0.00,0.00,0,0
1567381239,s1-eth0,107.00,327.00,434.00,327,107,1.00,1.00,2.00,1,1,0.00,0.00,0,0
1567381239,s1-eth1,6082065.00,148592.00,6230657.00,148592,6082065,4018.00,2008.00,6026.00,2008,4018,0.00,0.00,0,0
1567381239,s2-eth1,327.00,107.00,434.00,107,327,1.00,1.00,2.00,1,1,0.00,0.00,0,0
1567381239,lo,305.00,305.00,610.00,305,305,3.00,3.00,6.00,3,3,0.00,0.00,0,0
1567381239,total,6231501.00,6228148.00,12459649.00,6228148,6231501,6029.00,6029.00,12058.00,6029,6029,0.00,0.00,0,0
1567381240,s5,0.00,0.00,0.00,0,0,0.00,0.00,0.00,0,0,0.00,0.00,0,0
1567381240,s1,0.00,140.00,140.00,140,0,0.00,2.00,2.00,2,0,0.00,0.00,0,0
1567381240,eth0,0.00,0.00,0.00,0,0,0.00,0.00,0.00,0,0,0.00,0.00,0,0
1567381240,s2,0.00,337.00,337.00,337,0,0.00,2.00,2.00,2,0,0.00,0.00,0,0
1567381240,s1-eth2,148514.00,6045472.00,6193986.00,6045472,148514,2004.00,3994.00,5998.00,3994,2004,0.00,0.00,0,0
1567381240,s1-eth0,337.00,374.00,711.00,374,337,2.00,2.00,4.00,2,2,0.00,0.00,0,0
1567381240,s1-eth1,6047430.00,148070.00,6195500.00,148070,6047430,3998.00,2001.00,5999.00,2001,3998,0.00,0.00,0,0
1567381240,s2-eth1,374.00,337.00,711.00,337,374,2.00,2.00,4.00,2,2,0.00,0.00,0,0
1567381240,lo,1302.00,1302.00,2604.00,1302,1302,15.00,15.00,30.00,15,15,0.00,0.00,0,0
1567381240,total,6197957.00,6196032.00,12393989.00,6196032,6197957,6021.00,6018.00,12039.00,6018,6021,0.00,0.00,0,0
1567381241,s5,0.00,0.00,0.00,0,0,0.00,0.00,0.00,0,0,0.00,0.00,0,0
1567381241,s1,70.00,0.00,70.00,0,70,1.00,0.00,1.00,0,1,0.00,0.00,0,0
1567381241,eth0,0.00,0.00,0.00,0,0,0.00,0.00,0.00,0,0,0.00,0.00,0,0
1567381241,s2,70.00,327.00,397.00,327,70,1.00,1.00,2.00,1,1,0.00,0.00,0,0
1567381241,s1-eth2,147657.00,6033290.00,6180947.00,6033290,147657,1992.00,3985.00,5977.00,3985,1992,0.00,0.00,0,0
1567381241,s1-eth0,327.00,467.00,794.00,467,327,1.00,3.00,4.00,3,1,0.00,0.00,0,0
1567381241,s1-eth1,6034029.00,147260.00,6181289.00,147260,6034029,3988.00,1990.00,5978.00,1990,3988,0.00,0.00,0,0
1567381241,s2-eth1,467.00,327.00,794.00,327,467,3.00,1.00,4.00,1,3,0.00,0.00,0,0
1567381241,lo,862.00,862.00,1724.00,862,862,9.00,9.00,18.00,9,9,0.00,0.00,0,0
1567381241,total,6183482.00,6182533.00,12366015.00,6182533,6183482,5995.00,5989.00,11984.00,5989,5995,0.00,0.00,0,0
1567381242,s5,0.00,0.00,0.00,0,0,0.00,0.00,0.00,0,0,0.00,0.00,0,0
1567381242,s1,0.00,0.00,0.00,0,0,0.00,0.00,0.00,0,0,0.00,0.00,0,0
1567381242,eth0,0.00,0.00,0.00,0,0,0.00,0.00,0.00,0,0,0.00,0.00,0,0
1567381242,s2,0.00,0.00,0.00,0,0,0.00,0.00,0.00,0,0,0.00,0.00,0,0
1567381242,s1-eth2,150738.00,6169550.00,6320288.00,6169550,150738,2037.00,4075.00,6112.00,4075,2037,0.00,0.00,0,0
1567381242,s1-eth0,0.00,0.00,0.00,0,0,0.00,0.00,0.00,0,0,0.00,0.00,0,0
1567381242,s1-eth1,6168036.00,150738.00,6318774.00,150738,6168036,4074.00,2037.00,6111.00,2037,4074,0.00,0.00,0,0
1567381242,s2-eth1,0.00,0.00,0.00,0,0,0.00,0.00,0.00,0,0,0.00,0.00,0,0
1567381242,lo,0.00,0.00,0.00,0,0,0.00,0.00,0.00,0,0,0.00,0.00,0,0
1567381242,total,6318774.00,6320288.00,12639062.00,6320288,6318774,6111.00,6112.00,12223.00,6112,6111,0.00,0.00,0,0
1567381243,s5,0.00,0.00,0.00,0,0,0.00,0.00,0.00,0,0,0.00,0.00,0,0
1567381243,s1,0.00,0.00,0.00,0,0,0.00,0.00,0.00,0,0,0.00,0.00,0,0
1567381243,eth0,0.00,0.00,0.00,0,0,0.00,0.00,0.00,0,0,0.00,0.00,0,0
1567381243,s2,0.00,107.00,107.00,107,0,0.00,1.00,1.00,1,0,0.00,0.00,0,0
1567381243,s1-eth2,148074.00,6060542.00,6208616.00,6060542,148074,2001.00,4003.00,6004.00,4003,2001,0.00,0.00,0,0
1567381243,s1-eth0,107.00,0.00,107.00,0,107,1.00,0.00,1.00,0,1,0.00,0.00,0,0
1567381243,s1-eth1,6060542.00,148074.00,6208616.00,148074,6060542,4003.00,2001.00,6004.00,2001,4003,0.00,0.00,0,0
1567381243,s2-eth1,0.00,107.00,107.00,107,0,0.00,1.00,1.00,1,0,0.00,0.00,0,0
1567381243,lo,305.00,305.00,610.00,305,305,3.00,3.00,6.00,3,3,0.00,0.00,0,0
1567381243,total,6209028.00,6209135.00,12418163.00,6209135,6209028,6008.00,6009.00,12017.00,6009,6008,0.00,0.00,0,0
1567381244,s5,0.00,0.00,0.00,0,0,0.00,0.00,0.00,0,0,0.00,0.00,0,0
1567381244,s1,0.00,140.00,140.00,140,0,0.00,2.00,2.00,2,0,0.00,0.00,0,0
1567381244,eth0,0.00,0.00,0.00,0,0,0.00,0.00,0.00,0,0,0.00,0.00,0,0
1567381244,s2,0.00,412.00,412.00,412,0,0.00,2.00,2.00,2,0,0.00,0.00,0,0
1567381244,s1-eth2,149847.00,6110574.00,6260421.00,6110574,149847,2021.00,4037.00,6058.00,4037,2021,0.00,0.00,0,0
1567381244,s1-eth0,412.00,449.00,861.00,449,412,2.00,2.00,4.00,2,2,0.00,0.00,0,0
1567381244,s1-eth1,6106209.00,149328.00,6255537.00,149328,6106209,4036.00,2018.00,6054.00,2018,4036,0.00,0.00,0,0
1567381244,s2-eth1,449.00,412.00,861.00,412,449,2.00,2.00,4.00,2,2,0.00,0.00,0,0
1567381244,lo,1130.00,1130.00,2260.00,1130,1130,12.00,12.00,24.00,12,12,0.00,0.00,0,0
1567381244,total,6258047.00,6262445.00,12520492.00,6262445,6258047,6073.00,6075.00,12148.00,6075,6073,0.00,0.00,0,0
1567381245,s5,0.00,0.00,0.00,0,0,0.00,0.00,0.00,0,0,0.00,0.00,0,0
1567381245,s1,70.00,0.00,70.00,0,70,1.00,0.00,1.00,0,1,0.00,0.00,0,0
1567381245,eth0,342.00,0.00,342.00,0,342,1.00,0.00,1.00,0,1,0.00,0.00,0,0
1567381245,s2,70.00,0.00,70.00,0,70,1.00,0.00,1.00,0,1,0.00,0.00,0,0
1567381245,s1-eth2,148218.00,6063570.00,6211788.00,6063570,148218,2003.00,4005.00,6008.00,4005,2003,0.00,0.00,0,0
1567381245,s1-eth0,0.00,140.00,140.00,140,0,0.00,2.00,2.00,2,0,0.00,0.00,0,0
1567381245,s1-eth1,6063982.00,148148.00,6212130.00,148148,6063982,4007.00,2002.00,6009.00,2002,4007,0.00,0.00,0,0
1567381245,s2-eth1,140.00,0.00,140.00,0,140,2.00,0.00,2.00,0,2,0.00,0.00,0,0
1567381245,lo,708.00,708.00,1416.00,708,708,9.00,9.00,18.00,9,9,0.00,0.00,0,0
1567381245,total,6213530.00,6212566.00,12426096.00,6212566,6213530,6024.00,6018.00,12042.00,6018,6024,0.00,0.00,0,0
1567381246,s5,0.00,0.00,0.00,0,0,0.00,0.00,0.00,0,0,0.00,0.00,0,0
1567381246,s1,0.00,0.00,0.00,0,0,0.00,0.00,0.00,0,0,0.00,0.00,0,0
1567381246,eth0,0.00,0.00,0.00,0,0,0.00,0.00,0.00,0,0,0.00,0.00,0,0
1567381246,s2,0.00,0.00,0.00,0,0,0.00,0.00,0.00,0,0,0.00,0.00,0,0
1567381246,s1-eth2,151922.00,6216484.00,6368406.00,6216484,151922,2053.00,4106.00,6159.00,4106,2053,0.00,0.00,0,0
1567381246,s1-eth0,0.00,0.00,0.00,0,0,0.00,0.00,0.00,0,0,0.00,0.00,0,0
1567381246,s1-eth1,6216484.00,151922.00,6368406.00,151922,6216484,4106.00,2053.00,6159.00,2053,4106,0.00,0.00,0,0
1567381246,s2-eth1,0.00,0.00,0.00,0,0,0.00,0.00,0.00,0,0,0.00,0.00,0,0
1567381246,lo,0.00,0.00,0.00,0,0,0.00,0.00,0.00,0,0,0.00,0.00,0,0
1567381246,total,6368406.00,6368406.00,12736812.00,6368406,6368406,6159.00,6159.00,12318.00,6159,6159,0.00,0.00,0,0
1567381247,s5,0.00,0.00,0.00,0,0,0.00,0.00,0.00,0,0,0.00,0.00,0,0
1567381247,s1,0.00,0.00,0.00,0,0,0.00,0.00,0.00,0,0,0.00,0.00,0,0
1567381247,eth0,0.00,0.00,0.00,0,0,0.00,0.00,0.00,0,0,0.00,0.00,0,0
1567381247,s2,0.00,0.00,0.00,0,0,0.00,0.00,0.00,0,0,0.00,0.00,0,0
1567381247,s1-eth2,148740.00,6083252.00,6231992.00,6083252,148740,2010.00,4018.00,6028.00,4018,2010,0.00,0.00,0,0
1567381247,s1-eth0,0.00,0.00,0.00,0,0,0.00,0.00,0.00,0,0,0.00,0.00,0,0
1567381247,s1-eth1,6083252.00,148666.00,6231918.00,148666,6083252,4018.00,2009.00,6027.00,2009,4018,0.00,0.00,0,0
1567381247,s2-eth1,0.00,0.00,0.00,0,0,0.00,0.00,0.00,0,0,0.00,0.00,0,0
1567381247,lo,0.00,0.00,0.00,0,0,0.00,0.00,0.00,0,0,0.00,0.00,0,0
1567381247,total,6231992.00,6231918.00,12463910.00,6231918,6231992,6028.00,6027.00,12055.00,6027,6028,0.00,0.00,0,0
1567381248,s5,0.00,0.00,0.00,0,0,0.00,0.00,0.00,0,0,0.00,0.00,0,0
1567381248,s1,0.00,0.00,0.00,0,0,0.00,0.00,0.00,0,0,0.00,0.00,0,0
1567381248,eth0,0.00,0.00,0.00,0,0,0.00,0.00,0.00,0,0,0.00,0.00,0,0
1567381248,s2,0.00,0.00,0.00,0,0,0.00,0.00,0.00,0,0,0.00,0.00,0,0
1567381248,s1-eth2,150886.00,6177120.00,6328006.00,6177120,150886,2039.00,4080.00,6119.00,4080,2039,0.00,0.00,0,0
1567381248,s1-eth0,0.00,0.00,0.00,0,0,0.00,0.00,0.00,0,0,0.00,0.00,0,0
1567381248,s1-eth1,6177120.00,150960.00,6328080.00,150960,6177120,4080.00,2040.00,6120.00,2040,4080,0.00,0.00,0,0
1567381248,s2-eth1,0.00,0.00,0.00,0,0,0.00,0.00,0.00,0,0,0.00,0.00,0,0
1567381248,lo,0.00,0.00,0.00,0,0,0.00,0.00,0.00,0,0,0.00,0.00,0,0
1567381248,total,6328006.00,6328080.00,12656086.00,6328080,6328006,6119.00,6120.00,12239.00,6120,6119,0.00,0.00,0,0
1567381249,s5,0.00,0.00,0.00,0,0,0.00,0.00,0.00,0,0,0.00,0.00,0,0
1567381249,s1,0.00,0.00,0.00,0,0,0.00,0.00,0.00,0,0,0.00,0.00,0,0
1567381249,eth0,0.00,0.00,0.00,0,0,0.00,0.00,0.00,0,0,0.00,0.00,0,0
1567381249,s2,0.00,0.00,0.00,0,0,0.00,0.00,0.00,0,0,0.00,0.00,0,0
1567381249,s1-eth2,149406.00,6112018.00,6261424.00,6112018,149406,2019.00,4037.00,6056.00,4037,2019,0.00,0.00,0,0
1567381249,s1-eth0,0.00,0.00,0.00,0,0,0.00,0.00,0.00,0,0,0.00,0.00,0,0
1567381249,s1-eth1,6112018.00,149332.00,6261350.00,149332,6112018,4037.00,2018.00,6055.00,2018,4037,0.00,0.00,0,0
1567381249,s2-eth1,0.00,0.00,0.00,0,0,0.00,0.00,0.00,0,0,0.00,0.00,0,0
1567381249,lo,344.00,344.00,688.00,344,344,6.00,6.00,12.00,6,6,0.00,0.00,0,0
1567381249,total,6261768.00,6261694.00,12523462.00,6261694,6261768,6062.00,6061.00,12123.00,6061,6062,0.00,0.00,0,0
1567381250,s5,0.00,0.00,0.00,0,0,0.00,0.00,0.00,0,0,0.00,0.00,0,0
1567381250,s1,0.00,0.00,0.00,0,0,0.00,0.00,0.00,0,0,0.00,0.00,0,0
1567381250,eth0,530.00,0.00,530.00,0,530,3.00,0.00,3.00,0,3,0.00,0.00,0,0
1567381250,s2,0.00,0.00,0.00,0,0,0.00,0.00,0.00,0,0,0.00,0.00,0,0
1567381250,s1-eth2,144744.00,5922768.00,6067512.00,5922768,144744,1956.00,3912.00,5868.00,3912,1956,0.00,0.00,0,0
1567381250,s1-eth0,0.00,0.00,0.00,0,0,0.00,0.00,0.00,0,0,0.00,0.00,0,0
1567381250,s1-eth1,5922768.00,144818.00,6067586.00,144818,5922768,3912.00,1957.00,5869.00,1957,3912,0.00,0.00,0,0
1567381250,s2-eth1,0.00,0.00,0.00,0,0,0.00,0.00,0.00,0,0,0.00,0.00,0,0
1567381250,lo,172.00,172.00,344.00,172,172,3.00,3.00,6.00,3,3,0.00,0.00,0,0
1567381250,total,6068214.00,6067758.00,12135972.00,6067758,6068214,5874.00,5872.00,11746.00,5872,5874,0.00,0.00,0,0
1567381251,s5,0.00,0.00,0.00,0,0,0.00,0.00,0.00,0,0,0.00,0.00,0,0
1567381251,s1,0.00,0.00,0.00,0,0,0.00,0.00,0.00,0,0,0.00,0.00,0,0
1567381251,eth0,360.00,0.00,360.00,0,360,4.00,0.00,4.00,0,4,0.00,0.00,0,0
1567381251,s2,0.00,107.00,107.00,107,0,0.00,1.00,1.00,1,0,0.00,0.00,0,0
1567381251,s1-eth2,150516.00,6160466.00,6310982.00,6160466,150516,2034.00,4069.00,6103.00,4069,2034,0.00,0.00,0,0
1567381251,s1-eth0,107.00,0.00,107.00,0,107,1.00,0.00,1.00,0,1,0.00,0.00,0,0
1567381251,s1-eth1,6157780.00,150442.00,6308222.00,150442,6157780,4068.00,2033.00,6101.00,2033,4068,0.00,0.00,0,0
1567381251,s2-eth1,0.00,107.00,107.00,107,0,0.00,1.00,1.00,1,0,0.00,0.00,0,0
1567381251,lo,305.00,305.00,610.00,305,305,3.00,3.00,6.00,3,3,0.00,0.00,0,0
1567381251,total,6309068.00,6311427.00,12620495.00,6311427,6309068,6110.00,6107.00,12217.00,6107,6110,0.00,0.00,0,0
1567381252,s5,0.00,0.00,0.00,0,0,0.00,0.00,0.00,0,0,0.00,0.00,0,0
1567381252,s1,0.00,0.00,0.00,0,0,0.00,0.00,0.00,0,0,0.00,0.00,0,0
1567381252,eth0,1856.00,0.00,1856.00,0,1856,8.00,0.00,8.00,0,8,0.00,0.00,0,0
1567381252,s2,0.00,342.00,342.00,342,0,0.00,1.00,1.00,1,0,0.00,0.00,0,0
1567381252,s1-eth2,149291.00,6098392.00,6247683.00,6098392,149291,2017.00,4028.00,6045.00,4028,2017,0.00,0.00,0,0
1567381252,s1-eth0,342.00,107.00,449.00,107,342,1.00,1.00,2.00,1,1,0.00,0.00,0,0
1567381252,s1-eth1,6104555.00,149184.00,6253739.00,149184,6104555,4033.00,2016.00,6049.00,2016,4033,0.00,0.00,0,0
1567381252,s2-eth1,107.00,342.00,449.00,342,107,1.00,1.00,2.00,1,1,0.00,0.00,0,0
1567381252,lo,326.00,326.00,652.00,326,326,3.00,3.00,6.00,3,3,0.00,0.00,0,0
1567381252,total,6256477.00,6248693.00,12505170.00,6248693,6256477,6063.00,6050.00,12113.00,6050,6063,0.00,0.00,0,0
1567381253,s5,0.00,0.00,0.00,0,0,0.00,0.00,0.00,0,0,0.00,0.00,0,0
1567381253,s1,0.00,0.00,0.00,0,0,0.00,0.00,0.00,0,0,0.00,0.00,0,0
1567381253,eth0,963.00,0.00,963.00,0,963,4.00,0.00,4.00,0,4,0.00,0.00,0,0
1567381253,s2,0.00,0.00,0.00,0,0,0.00,0.00,0.00,0,0,0.00,0.00,0,0
1567381253,s1-eth2,148444.00,6077196.00,6225640.00,6077196,148444,2006.00,4014.00,6020.00,4014,2006,0.00,0.00,0,0
1567381253,s1-eth0,0.00,0.00,0.00,0,0,0.00,0.00,0.00,0,0,0.00,0.00,0,0
1567381253,s1-eth1,6077196.00,148518.00,6225714.00,148518,6077196,4014.00,2007.00,6021.00,2007,4014,0.00,0.00,0,0
1567381253,s2-eth1,0.00,0.00,0.00,0,0,0.00,0.00,0.00,0,0,0.00,0.00,0,0
1567381253,lo,0.00,0.00,0.00,0,0,0.00,0.00,0.00,0,0,0.00,0.00,0,0
1567381253,total,6226603.00,6225714.00,12452317.00,6225714,6226603,6024.00,6021.00,12045.00,6021,6024,0.00,0.00,0,0
1567381254,s5,0.00,0.00,0.00,0,0,0.00,0.00,0.00,0,0,0.00,0.00,0,0
1567381254,s1,0.00,0.00,0.00,0,0,0.00,0.00,0.00,0,0,0.00,0.00,0,0
1567381254,eth0,0.00,0.00,0.00,0,0,0.00,0.00,0.00,0,0,0.00,0.00,0,0
1567381254,s2,0.00,0.00,0.00,0,0,0.00,0.00,0.00,0,0,0.00,0.00,0,0
1567381254,s1-eth2,149776.00,6130186.00,6279962.00,6130186,149776,2024.00,4049.00,6073.00,4049,2024,0.00,0.00,0,0
1567381254,s1-eth0,0.00,0.00,0.00,0,0,0.00,0.00,0.00,0,0,0.00,0.00,0,0
1567381254,s1-eth1,6128672.00,149776.00,6278448.00,149776,6128672,4048.00,2024.00,6072.00,2024,4048,0.00,0.00,0,0
1567381254,s2-eth1,0.00,0.00,0.00,0,0,0.00,0.00,0.00,0,0,0.00,0.00,0,0
1567381254,lo,172.00,172.00,344.00,172,172,3.00,3.00,6.00,3,3,0.00,0.00,0,0
1567381254,total,6278620.00,6280134.00,12558754.00,6280134,6278620,6075.00,6076.00,12151.00,6076,6075,0.00,0.00,0,0
1567381255,s5,0.00,0.00,0.00,0,0,0.00,0.00,0.00,0,0,0.00,0.00,0,0
1567381255,s1,0.00,0.00,0.00,0,0,0.00,0.00,0.00,0,0,0.00,0.00,0,0
1567381255,eth0,771.00,0.00,771.00,0,771,4.00,0.00,4.00,0,4,0.00,0.00,0,0
1567381255,s2,0.00,0.00,0.00,0,0,0.00,0.00,0.00,0,0,0.00,0.00,0,0
1567381255,s1-eth2,150488.00,6139270.00,6289758.00,6139270,150488,2030.00,4055.00,6085.00,4055,2030,0.00,0.00,0,0
1567381255,s1-eth0,0.00,0.00,0.00,0,0,0.00,0.00,0.00,0,0,0.00,0.00,0,0
1567381255,s1-eth1,6142298.00,150146.00,6292444.00,150146,6142298,4057.00,2029.00,6086.00,2029,4057,0.00,0.00,0,0
1567381255,s2-eth1,0.00,0.00,0.00,0,0,0.00,0.00,0.00,0,0,0.00,0.00,0,0
1567381255,lo,172.00,172.00,344.00,172,172,3.00,3.00,6.00,3,3,0.00,0.00,0,0
1567381255,total,6293729.00,6289588.00,12583317.00,6289588,6293729,6094.00,6087.00,12181.00,6087,6094,0.00,0.00,0,0
1567381256,s5,0.00,0.00,0.00,0,0,0.00,0.00,0.00,0,0,0.00,0.00,0,0
1567381256,s1,0.00,0.00,0.00,0,0,0.00,0.00,0.00,0,0,0.00,0.00,0,0
1567381256,eth0,0.00,0.00,0.00,0,0,0.00,0.00,0.00,0,0,0.00,0.00,0,0
1567381256,s2,0.00,0.00,0.00,0,0,0.00,0.00,0.00,0,0,0.00,0.00,0,0
1567381256,s1-eth2,149406.00,6105962.00,6255368.00,6105962,149406,2019.00,4033.00,6052.00,4033,2019,0.00,0.00,0,0
1567381256,s1-eth0,0.00,0.00,0.00,0,0,0.00,0.00,0.00,0,0,0.00,0.00,0,0
1567381256,s1-eth1,6107476.00,149258.00,6256734.00,149258,6107476,4034.00,2017.00,6051.00,2017,4034,0.00,0.00,0,0
1567381256,s2-eth1,0.00,0.00,0.00,0,0,0.00,0.00,0.00,0,0,0.00,0.00,0,0
1567381256,lo,172.00,172.00,344.00,172,172,3.00,3.00,6.00,3,3,0.00,0.00,0,0
1567381256,total,6257054.00,6255392.00,12512446.00,6255392,6257054,6056.00,6053.00,12109.00,6053,6056,0.00,0.00,0,0
1567381257,s5,0.00,0.00,0.00,0,0,0.00,0.00,0.00,0,0,0.00,0.00,0,0
1567381257,s1,0.00,0.00,0.00,0,0,0.00,0.00,0.00,0,0,0.00,0.00,0,0
1567381257,eth0,342.00,0.00,342.00,0,342,1.00,0.00,1.00,0,1,0.00,0.00,0,0
1567381257,s2,0.00,0.00,0.00,0,0,0.00,0.00,0.00,0,0,0.00,0.00,0,0
1567381257,s1-eth2,151256.00,6195288.00,6346544.00,6195288,151256,2044.00,4092.00,6136.00,4092,2044,0.00,0.00,0,0
1567381257,s1-eth0,0.00,342.00,342.00,342,0,0.00,1.00,1.00,1,0,0.00,0.00,0,0
1567381257,s1-eth1,6195288.00,151330.00,6346618.00,151330,6195288,4092.00,2045.00,6137.00,2045,4092,0.00,0.00,0,0
1567381257,s2-eth1,342.00,0.00,342.00,0,342,1.00,0.00,1.00,0,1,0.00,0.00,0,0
1567381257,lo,0.00,0.00,0.00,0,0,0.00,0.00,0.00,0,0,0.00,0.00,0,0
1567381257,total,6347228.00,6346960.00,12694188.00,6346960,6347228,6138.00,6138.00,12276.00,6138,6138,0.00,0.00,0,0
1567381258,s5,0.00,0.00,0.00,0,0,0.00,0.00,0.00,0,0,0.00,0.00,0,0
1567381258,s1,0.00,0.00,0.00,0,0,0.00,0.00,0.00,0,0,0.00,0.00,0,0
1567381258,eth0,0.00,60.00,60.00,60,0,0.00,1.00,1.00,1,0,0.00,0.00,0,0
1567381258,s2,0.00,0.00,0.00,0,0,0.00,0.00,0.00,0,0,0.00,0.00,0,0
1567381258,s1-eth2,151108.00,6178634.00,6329742.00,6178634,151108,2042.00,4081.00,6123.00,4081,2042,0.00,0.00,0,0
1567381258,s1-eth0,0.00,0.00,0.00,0,0,0.00,0.00,0.00,0,0,0.00,0.00,0,0
1567381258,s1-eth1,6174092.00,150886.00,6324978.00,150886,6174092,4078.00,2039.00,6117.00,2039,4078,0.00,0.00,0,0
1567381258,s2-eth1,0.00,0.00,0.00,0,0,0.00,0.00,0.00,0,0,0.00,0.00,0,0
1567381258,lo,0.00,0.00,0.00,0,0,0.00,0.00,0.00,0,0,0.00,0.00,0,0
1567381258,total,6325200.00,6329580.00,12654780.00,6329580,6325200,6120.00,6121.00,12241.00,6121,6120,0.00,0.00,0,0
1567381259,s5,0.00,0.00,0.00,0,0,0.00,0.00,0.00,0,0,0.00,0.00,0,0
1567381259,s1,0.00,0.00,0.00,0,0,0.00,0.00,0.00,0,0,0.00,0.00,0,0
1567381259,eth0,177.00,0.00,177.00,0,177,2.00,0.00,2.00,0,2,0.00,0.00,0,0
1567381259,s2,0.00,0.00,0.00,0,0,0.00,0.00,0.00,0,0,0.00,0.00,0,0
1567381259,s1-eth2,148518.00,6092336.00,6240854.00,6092336,148518,2007.00,4024.00,6031.00,4024,2007,0.00,0.00,0,0
1567381259,s1-eth0,0.00,0.00,0.00,0,0,0.00,0.00,0.00,0,0,0.00,0.00,0,0
1567381259,s1-eth1,6086280.00,148814.00,6235094.00,148814,6086280,4020.00,2011.00,6031.00,2011,4020,0.00,0.00,0,0
1567381259,s2-eth1,0.00,0.00,0.00,0,0,0.00,0.00,0.00,0,0,0.00,0.00,0,0
1567381259,lo,172.00,172.00,344.00,172,172,3.00,3.00,6.00,3,3,0.00,0.00,0,0
1567381259,total,6235147.00,6241322.00,12476469.00,6241322,6235147,6032.00,6038.00,12070.00,6038,6032,0.00,0.00,0,0
1567381260,s5,0.00,0.00,0.00,0,0,0.00,0.00,0.00,0,0,0.00,0.00,0,0
1567381260,s1,0.00,0.00,0.00,0,0,0.00,0.00,0.00,0,0,0.00,0.00,0,0
1567381260,eth0,0.00,0.00,0.00,0,0,0.00,0.00,0.00,0,0,0.00,0.00,0,0
1567381260,s2,0.00,0.00,0.00,0,0,0.00,0.00,0.00,0,0,0.00,0.00,0,0
1567381260,s1-eth2,149998.00,6130186.00,6280184.00,6130186,149998,2027.00,4049.00,6076.00,4049,2027,0.00,0.00,0,0
1567381260,s1-eth0,0.00,0.00,0.00,0,0,0.00,0.00,0.00,0,0,0.00,0.00,0,0
1567381260,s1-eth1,6136242.00,149924.00,6286166.00,149924,6136242,4053.00,2026.00,6079.00,2026,4053,0.00,0.00,0,0
1567381260,s2-eth1,0.00,0.00,0.00,0,0,0.00,0.00,0.00,0,0,0.00,0.00,0,0
1567381260,lo,172.00,172.00,344.00,172,172,3.00,3.00,6.00,3,3,0.00,0.00,0,0
1567381260,total,6286412.00,6280282.00,12566694.00,6280282,6286412,6083.00,6078.00,12161.00,6078,6083,0.00,0.00,0,0
1567381261,s5,0.00,0.00,0.00,0,0,0.00,0.00,0.00,0,0,0.00,0.00,0,0
1567381261,s1,0.00,0.00,0.00,0,0,0.00,0.00,0.00,0,0,0.00,0.00,0,0
1567381261,eth0,0.00,0.00,0.00,0,0,0.00,0.00,0.00,0,0,0.00,0.00,0,0
1567381261,s2,0.00,0.00,0.00,0,0,0.00,0.00,0.00,0,0,0.00,0.00,0,0
1567381261,s1-eth2,149406.00,6112018.00,6261424.00,6112018,149406,2019.00,4037.00,6056.00,4037,2019,0.00,0.00,0,0
1567381261,s1-eth0,0.00,0.00,0.00,0,0,0.00,0.00,0.00,0,0,0.00,0.00,0,0
1567381261,s1-eth1,6107476.00,149258.00,6256734.00,149258,6107476,4034.00,2017.00,6051.00,2017,4034,0.00,0.00,0,0
1567381261,s2-eth1,0.00,0.00,0.00,0,0,0.00,0.00,0.00,0,0,0.00,0.00,0,0
1567381261,lo,172.00,172.00,344.00,172,172,3.00,3.00,6.00,3,3,0.00,0.00,0,0
1567381261,total,6257054.00,6261448.00,12518502.00,6261448,6257054,6056.00,6057.00,12113.00,6057,6056,0.00,0.00,0,0
1567381262,s5,0.00,0.00,0.00,0,0,0.00,0.00,0.00,0,0,0.00,0.00,0,0
1567381262,s1,0.00,0.00,0.00,0,0,0.00,0.00,0.00,0,0,0.00,0.00,0,0
1567381262,eth0,0.00,0.00,0.00,0,0,0.00,0.00,0.00,0,0,0.00,0.00,0,0
1567381262,s2,0.00,0.00,0.00,0,0,0.00,0.00,0.00,0,0,0.00,0.00,0,0
1567381262,s1-eth2,149702.00,6128672.00,6278374.00,6128672,149702,2023.00,4048.00,6071.00,4048,2023,0.00,0.00,0,0
1567381262,s1-eth0,0.00,0.00,0.00,0,0,0.00,0.00,0.00,0,0,0.00,0.00,0,0
1567381262,s1-eth1,6127500.00,149776.00,6277276.00,149776,6127500,4048.00,2024.00,6072.00,2024,4048,0.00,0.00,0,0
1567381262,s2-eth1,0.00,0.00,0.00,0,0,0.00,0.00,0.00,0,0,0.00,0.00,0,0
1567381262,lo,0.00,0.00,0.00,0,0,0.00,0.00,0.00,0,0,0.00,0.00,0,0
1567381262,total,6277202.00,6278448.00,12555650.00,6278448,6277202,6071.00,6072.00,12143.00,6072,6071,0.00,0.00,0,0
1567381263,s5,0.00,0.00,0.00,0,0,0.00,0.00,0.00,0,0,0.00,0.00,0,0
1567381263,s1,0.00,0.00,0.00,0,0,0.00,0.00,0.00,0,0,0.00,0.00,0,0
1567381263,eth0,0.00,0.00,0.00,0,0,0.00,0.00,0.00,0,0,0.00,0.00,0,0
1567381263,s2,0.00,0.00,0.00,0,0,0.00,0.00,0.00,0,0,0.00,0.00,0,0
1567381263,s1-eth2,150960.00,6181662.00,6332622.00,6181662,150960,2040.00,4083.00,6123.00,4083,2040,0.00,0.00,0,0
1567381263,s1-eth0,0.00,0.00,0.00,0,0,0.00,0.00,0.00,0,0,0.00,0.00,0,0
1567381263,s1-eth1,6183176.00,151108.00,6334284.00,151108,6183176,4084.00,2042.00,6126.00,2042,4084,0.00,0.00,0,0
1567381263,s2-eth1,0.00,0.00,0.00,0,0,0.00,0.00,0.00,0,0,0.00,0.00,0,0
1567381263,lo,0.00,0.00,0.00,0,0,0.00,0.00,0.00,0,0,0.00,0.00,0,0
1567381263,total,6334136.00,6332770.00,12666906.00,6332770,6334136,6124.00,6125.00,12249.00,6125,6124,0.00,0.00,0,0
1567381264,s5,0.00,0.00,0.00,0,0,0.00,0.00,0.00,0,0,0.00,0.00,0,0
1567381264,s1,0.00,0.00,0.00,0,0,0.00,0.00,0.00,0,0,0.00,0.00,0,0
1567381264,eth0,0.00,0.00,0.00,0,0,0.00,0.00,0.00,0,0,0.00,0.00,0,0
1567381264,s2,0.00,0.00,0.00,0,0,0.00,0.00,0.00,0,0,0.00,0.00,0,0
1567381264,s1-eth2,149776.00,6128672.00,6278448.00,6128672,149776,2024.00,4048.00,6072.00,4048,2024,0.00,0.00,0,0
1567381264,s1-eth0,0.00,0.00,0.00,0,0,0.00,0.00,0.00,0,0,0.00,0.00,0,0
1567381264,s1-eth1,6128672.00,149702.00,6278374.00,149702,6128672,4048.00,2023.00,6071.00,2023,4048,0.00,0.00,0,0
1567381264,s2-eth1,0.00,0.00,0.00,0,0,0.00,0.00,0.00,0,0,0.00,0.00,0,0
1567381264,lo,172.00,172.00,344.00,172,172,3.00,3.00,6.00,3,3,0.00,0.00,0,0
1567381264,total,6278620.00,6278546.00,12557166.00,6278546,6278620,6075.00,6074.00,12149.00,6074,6075,0.00,0.00,0,0
1567381265,s5,0.00,0.00,0.00,0,0,0.00,0.00,0.00,0,0,0.00,0.00,0,0
1567381265,s1,0.00,0.00,0.00,0,0,0.00,0.00,0.00,0,0,0.00,0.00,0,0
1567381265,eth0,0.00,0.00,0.00,0,0,0.00,0.00,0.00,0,0,0.00,0.00,0,0
1567381265,s2,0.00,0.00,0.00,0,0,0.00,0.00,0.00,0,0,0.00,0.00,0,0
1567381265,s1-eth2,149776.00,6127158.00,6276934.00,6127158,149776,2024.00,4047.00,6071.00,4047,2024,0.00,0.00,0,0
1567381265,s1-eth0,0.00,0.00,0.00,0,0,0.00,0.00,0.00,0,0,0.00,0.00,0,0
1567381265,s1-eth1,6130186.00,149850.00,6280036.00,149850,6130186,4049.00,2025.00,6074.00,2025,4049,0.00,0.00,0,0
1567381265,s2-eth1,0.00,0.00,0.00,0,0,0.00,0.00,0.00,0,0,0.00,0.00,0,0
1567381265,lo,172.00,172.00,344.00,172,172,3.00,3.00,6.00,3,3,0.00,0.00,0,0
1567381265,total,6280134.00,6277180.00,12557314.00,6277180,6280134,6076.00,6075.00,12151.00,6075,6076,0.00,0.00,0,0
1567381266,s5,0.00,0.00,0.00,0,0,0.00,0.00,0.00,0,0,0.00,0.00,0,0
1567381266,s1,0.00,0.00,0.00,0,0,0.00,0.00,0.00,0,0,0.00,0.00,0,0
1567381266,eth0,342.00,0.00,342.00,0,342,1.00,0.00,1.00,0,1,0.00,0.00,0,0
1567381266,s2,0.00,342.00,342.00,342,0,0.00,1.00,1.00,1,0,0.00,0.00,0,0
1567381266,s1-eth2,150146.00,6139270.00,6289416.00,6139270,150146,2029.00,4055.00,6084.00,4055,2029,0.00,0.00,0,0
1567381266,s1-eth0,342.00,0.00,342.00,0,342,1.00,0.00,1.00,0,1,0.00,0.00,0,0
1567381266,s1-eth1,6142298.00,150146.00,6292444.00,150146,6142298,4057.00,2029.00,6086.00,2029,4057,0.00,0.00,0,0
1567381266,s2-eth1,0.00,342.00,342.00,342,0,0.00,1.00,1.00,1,0,0.00,0.00,0,0
1567381266,lo,326.00,326.00,652.00,326,326,3.00,3.00,6.00,3,3,0.00,0.00,0,0
1567381266,total,6293454.00,6290426.00,12583880.00,6290426,6293454,6091.00,6089.00,12180.00,6089,6091,0.00,0.00,0,0
1567381267,s5,0.00,0.00,0.00,0,0,0.00,0.00,0.00,0,0,0.00,0.00,0,0
1567381267,s1,0.00,0.00,0.00,0,0,0.00,0.00,0.00,0,0,0.00,0.00,0,0
1567381267,eth0,107.00,0.00,107.00,0,107,1.00,0.00,1.00,0,1,0.00,0.00,0,0
1567381267,s2,0.00,107.00,107.00,107,0,0.00,1.00,1.00,1,0,0.00,0.00,0,0
1567381267,s1-eth2,150072.00,6128672.00,6278744.00,6128672,150072,2028.00,4048.00,6076.00,4048,2028,0.00,0.00,0,0
1567381267,s1-eth0,107.00,0.00,107.00,0,107,1.00,0.00,1.00,0,1,0.00,0.00,0,0
1567381267,s1-eth1,6131700.00,149924.00,6281624.00,149924,6131700,4050.00,2026.00,6076.00,2026,4050,0.00,0.00,0,0
1567381267,s2-eth1,0.00,107.00,107.00,107,0,0.00,1.00,1.00,1,0,0.00,0.00,0,0
1567381267,lo,305.00,305.00,610.00,305,305,3.00,3.00,6.00,3,3,0.00,0.00,0,0
1567381267,total,6282291.00,6279115.00,12561406.00,6279115,6282291,6083.00,6079.00,12162.00,6079,6083,0.00,0.00,0,0
1567381268,s5,0.00,0.00,0.00,0,0,0.00,0.00,0.00,0,0,0.00,0.00,0,0
1567381268,s1,0.00,0.00,0.00,0,0,0.00,0.00,0.00,0,0,0.00,0.00,0,0
1567381268,eth0,0.00,0.00,0.00,0,0,0.00,0.00,0.00,0,0,0.00,0.00,0,0
1567381268,s2,0.00,0.00,0.00,0,0,0.00,0.00,0.00,0,0,0.00,0.00,0,0
1567381268,s1-eth2,150105.00,6154410.00,6304515.00,6154410,150105,2028.00,4065.00,6093.00,4065,2028,0.00,0.00,0,0
1567381268,s1-eth0,0.00,107.00,107.00,107,0,0.00,1.00,1.00,1,0,0.00,0.00,0,0
1567381268,s1-eth1,6149975.00,150146.00,6300121.00,150146,6149975,4063.00,2029.00,6092.00,2029,4063,0.00,0.00,0,0
1567381268,s2-eth1,107.00,0.00,107.00,0,107,1.00,0.00,1.00,0,1,0.00,0.00,0,0
1567381268,lo,0.00,0.00,0.00,0,0,0.00,0.00,0.00,0,0,0.00,0.00,0,0
1567381268,total,6300187.00,6304663.00,12604850.00,6304663,6300187,6092.00,6095.00,12187.00,6095,6092,0.00,0.00,0,0
1567381269,s5,0.00,0.00,0.00,0,0,0.00,0.00,0.00,0,0,0.00,0.00,0,0
1567381269,s1,0.00,0.00,0.00,0,0,0.00,0.00,0.00,0,0,0.00,0.00,0,0
1567381269,eth0,0.00,0.00,0.00,0,0,0.00,0.00,0.00,0,0,0.00,0.00,0,0
1567381269,s2,0.00,0.00,0.00,0,0,0.00,0.00,0.00,0,0,0.00,0.00,0,0
1567381269,s1-eth2,149998.00,6122616.00,6272614.00,6122616,149998,2027.00,4044.00,6071.00,4044,2027,0.00,0.00,0,0
1567381269,s1-eth0,0.00,0.00,0.00,0,0,0.00,0.00,0.00,0,0,0.00,0.00,0,0
1567381269,s1-eth1,6125644.00,149924.00,6275568.00,149924,6125644,4046.00,2026.00,6072.00,2026,4046,0.00,0.00,0,0
1567381269,s2-eth1,0.00,0.00,0.00,0,0,0.00,0.00,0.00,0,0,0.00,0.00,0,0
1567381269,lo,172.00,172.00,344.00,172,172,3.00,3.00,6.00,3,3,0.00,0.00,0,0
1567381269,total,6275814.00,6272712.00,12548526.00,6272712,6275814,6076.00,6073.00,12149.00,6073,6076,0.00,0.00,0,0
1567381270,s5,0.00,0.00,0.00,0,0,0.00,0.00,0.00,0,0,0.00,0.00,0,0
1567381270,s1,0.00,0.00,0.00,0,0,0.00,0.00,0.00,0,0,0.00,0.00,0,0
1567381270,eth0,0.00,0.00,0.00,0,0,0.00,0.00,0.00,0,0,0.00,0.00,0,0
1567381270,s2,0.00,0.00,0.00,0,0,0.00,0.00,0.00,0,0,0.00,0.00,0,0
1567381270,s1-eth2,149670.00,6130228.00,6279898.00,6130228,149670,2023.00,4050.00,6073.00,4050,2023,0.00,0.00,0,0
1567381270,s1-eth0,0.00,342.00,342.00,342,0,0.00,1.00,1.00,1,0,0.00,0.00,0,0
1567381270,s1-eth1,6131742.00,149670.00,6281412.00,149670,6131742,4051.00,2023.00,6074.00,2023,4051,0.00,0.00,0,0
1567381270,s2-eth1,342.00,0.00,342.00,0,342,1.00,0.00,1.00,0,1,0.00,0.00,0,0
1567381270,lo,468.00,468.00,936.00,468,468,6.00,6.00,12.00,6,6,0.00,0.00,0,0
1567381270,total,6282222.00,6280708.00,12562930.00,6280708,6282222,6081.00,6080.00,12161.00,6080,6081,0.00,0.00,0,0
1567381271,s5,0.00,0.00,0.00,0,0,0.00,0.00,0.00,0,0,0.00,0.00,0,0
1567381271,s1,0.00,0.00,0.00,0,0,0.00,0.00,0.00,0,0,0.00,0.00,0,0
1567381271,eth0,0.00,0.00,0.00,0,0,0.00,0.00,0.00,0,0,0.00,0.00,0,0
1567381271,s2,0.00,0.00,0.00,0,0,0.00,0.00,0.00,0,0,0.00,0.00,0,0
1567381271,s1-eth2,150368.00,6154410.00,6304778.00,6154410,150368,2032.00,4065.00,6097.00,4065,2032,0.00,0.00,0,0
1567381271,s1-eth0,0.00,0.00,0.00,0,0,0.00,0.00,0.00,0,0,0.00,0.00,0,0
1567381271,s1-eth1,6154410.00,150442.00,6304852.00,150442,6154410,4065.00,2033.00,6098.00,2033,4065,0.00,0.00,0,0
1567381271,s2-eth1,0.00,0.00,0.00,0,0,0.00,0.00,0.00,0,0,0.00,0.00,0,0
1567381271,lo,0.00,0.00,0.00,0,0,0.00,0.00,0.00,0,0,0.00,0.00,0,0
1567381271,total,6304778.00,6304852.00,12609630.00,6304852,6304778,6097.00,6098.00,12195.00,6098,6097,0.00,0.00,0,0
1567381272,s5,0.00,0.00,0.00,0,0,0.00,0.00,0.00,0,0,0.00,0.00,0,0
1567381272,s1,0.00,0.00,0.00,0,0,0.00,0.00,0.00,0,0,0.00,0.00,0,0
1567381272,eth0,0.00,0.00,0.00,0,0,0.00,0.00,0.00,0,0,0.00,0.00,0,0
1567381272,s2,0.00,0.00,0.00,0,0,0.00,0.00,0.00,0,0,0.00,0.00,0,0
1567381272,s1-eth2,150812.00,6161980.00,6312792.00,6161980,150812,2038.00,4070.00,6108.00,4070,2038,0.00,0.00,0,0
1567381272,s1-eth0,0.00,0.00,0.00,0,0,0.00,0.00,0.00,0,0,0.00,0.00,0,0
1567381272,s1-eth1,6158952.00,150738.00,6309690.00,150738,6158952,4068.00,2037.00,6105.00,2037,4068,0.00,0.00,0,0
1567381272,s2-eth1,0.00,0.00,0.00,0,0,0.00,0.00,0.00,0,0,0.00,0.00,0,0
1567381272,lo,172.00,172.00,344.00,172,172,3.00,3.00,6.00,3,3,0.00,0.00,0,0
1567381272,total,6309936.00,6312890.00,12622826.00,6312890,6309936,6109.00,6110.00,12219.00,6110,6109,0.00,0.00,0,0
1567381273,s5,0.00,0.00,0.00,0,0,0.00,0.00,0.00,0,0,0.00,0.00,0,0
1567381273,s1,0.00,0.00,0.00,0,0,0.00,0.00,0.00,0,0,0.00,0.00,0,0
1567381273,eth0,0.00,0.00,0.00,0,0,0.00,0.00,0.00,0,0,0.00,0.00,0,0
1567381273,s2,0.00,0.00,0.00,0,0,0.00,0.00,0.00,0,0,0.00,0.00,0,0
1567381273,s1-eth2,149924.00,6145326.00,6295250.00,6145326,149924,2026.00,4059.00,6085.00,4059,2026,0.00,0.00,0,0
1567381273,s1-eth0,0.00,0.00,0.00,0,0,0.00,0.00,0.00,0,0,0.00,0.00,0,0
1567381273,s1-eth1,6145326.00,149998.00,6295324.00,149998,6145326,4059.00,2027.00,6086.00,2027,4059,0.00,0.00,0,0
1567381273,s2-eth1,0.00,0.00,0.00,0,0,0.00,0.00,0.00,0,0,0.00,0.00,0,0
1567381273,lo,0.00,0.00,0.00,0,0,0.00,0.00,0.00,0,0,0.00,0.00,0,0
1567381273,total,6295250.00,6295324.00,12590574.00,6295324,6295250,6085.00,6086.00,12171.00,6086,6085,0.00,0.00,0,0
1567381274,s5,0.00,0.00,0.00,0,0,0.00,0.00,0.00,0,0,0.00,0.00,0,0
1567381274,s1,0.00,0.00,0.00,0,0,0.00,0.00,0.00,0,0,0.00,0.00,0,0
1567381274,eth0,0.00,0.00,0.00,0,0,0.00,0.00,0.00,0,0,0.00,0.00,0,0
1567381274,s2,0.00,0.00,0.00,0,0,0.00,0.00,0.00,0,0,0.00,0.00,0,0
1567381274,s1-eth2,150340.00,6137756.00,6288096.00,6137756,150340,2028.00,4054.00,6082.00,4054,2028,0.00,0.00,0,0
1567381274,s1-eth0,0.00,0.00,0.00,0,0,0.00,0.00,0.00,0,0,0.00,0.00,0,0
1567381274,s1-eth1,6139270.00,149998.00,6289268.00,149998,6139270,4055.00,2027.00,6082.00,2027,4055,0.00,0.00,0,0
1567381274,s2-eth1,0.00,0.00,0.00,0,0,0.00,0.00,0.00,0,0,0.00,0.00,0,0
1567381274,lo,172.00,172.00,344.00,172,172,3.00,3.00,6.00,3,3,0.00,0.00,0,0
1567381274,total,6289782.00,6287926.00,12577708.00,6287926,6289782,6086.00,6084.00,12170.00,6084,6086,0.00,0.00,0,0
1567381275,s5,0.00,0.00,0.00,0,0,0.00,0.00,0.00,0,0,0.00,0.00,0,0
1567381275,s1,0.00,0.00,0.00,0,0,0.00,0.00,0.00,0,0,0.00,0.00,0,0
1567381275,eth0,0.00,0.00,0.00,0,0,0.00,0.00,0.00,0,0,0.00,0.00,0,0
1567381275,s2,0.00,0.00,0.00,0,0,0.00,0.00,0.00,0,0,0.00,0.00,0,0
1567381275,s1-eth2,149702.00,6124130.00,6273832.00,6124130,149702,2023.00,4045.00,6068.00,4045,2023,0.00,0.00,0,0
1567381275,s1-eth0,0.00,0.00,0.00,0,0,0.00,0.00,0.00,0,0,0.00,0.00,0,0
1567381275,s1-eth1,6125644.00,149702.00,6275346.00,149702,6125644,4046.00,2023.00,6069.00,2023,4046,0.00,0.00,0,0
1567381275,s2-eth1,0.00,0.00,0.00,0,0,0.00,0.00,0.00,0,0,0.00,0.00,0,0
1567381275,lo,172.00,172.00,344.00,172,172,3.00,3.00,6.00,3,3,0.00,0.00,0,0
1567381275,total,6275518.00,6274004.00,12549522.00,6274004,6275518,6072.00,6071.00,12143.00,6071,6072,0.00,0.00,0,0
1567381276,s5,0.00,0.00,0.00,0,0,0.00,0.00,0.00,0,0,0.00,0.00,0,0
1567381276,s1,0.00,0.00,0.00,0,0,0.00,0.00,0.00,0,0,0.00,0.00,0,0
1567381276,eth0,0.00,0.00,0.00,0,0,0.00,0.00,0.00,0,0,0.00,0.00,0,0
1567381276,s2,0.00,0.00,0.00,0,0,0.00,0.00,0.00,0,0,0.00,0.00,0,0
1567381276,s1-eth2,150294.00,6133214.00,6283508.00,6133214,150294,2031.00,4051.00,6082.00,4051,2031,0.00,0.00,0,0
1567381276,s1-eth0,0.00,0.00,0.00,0,0,0.00,0.00,0.00,0,0,0.00,0.00,0,0
1567381276,s1-eth1,6133214.00,150146.00,6283360.00,150146,6133214,4051.00,2029.00,6080.00,2029,4051,0.00,0.00,0,0
1567381276,s2-eth1,0.00,0.00,0.00,0,0,0.00,0.00,0.00,0,0,0.00,0.00,0,0
1567381276,lo,0.00,0.00,0.00,0,0,0.00,0.00,0.00,0,0,0.00,0.00,0,0
1567381276,total,6283508.00,6283360.00,12566868.00,6283360,6283508,6082.00,6080.00,12162.00,6080,6082,0.00,0.00,0,0
1567381277,s5,0.00,0.00,0.00,0,0,0.00,0.00,0.00,0,0,0.00,0.00,0,0
1567381277,s1,0.00,0.00,0.00,0,0,0.00,0.00,0.00,0,0,0.00,0.00,0,0
1567381277,eth0,0.00,0.00,0.00,0,0,0.00,0.00,0.00,0,0,0.00,0.00,0,0
1567381277,s2,0.00,0.00,0.00,0,0,0.00,0.00,0.00,0,0,0.00,0.00,0,0
1567381277,s1-eth2,151034.00,6195288.00,6346322.00,6195288,151034,2041.00,4092.00,6133.00,4092,2041,0.00,0.00,0,0
1567381277,s1-eth0,0.00,0.00,0.00,0,0,0.00,0.00,0.00,0,0,0.00,0.00,0,0
1567381277,s1-eth1,6195288.00,151182.00,6346470.00,151182,6195288,4092.00,2043.00,6135.00,2043,4092,0.00,0.00,0,0
1567381277,s2-eth1,0.00,0.00,0.00,0,0,0.00,0.00,0.00,0,0,0.00,0.00,0,0
1567381277,lo,172.00,172.00,344.00,172,172,3.00,3.00,6.00,3,3,0.00,0.00,0,0
1567381277,total,6346494.00,6346642.00,12693136.00,6346642,6346494,6136.00,6138.00,12274.00,6138,6136,0.00,0.00,0,0
1567381278,s5,0.00,0.00,0.00,0,0,0.00,0.00,0.00,0,0,0.00,0.00,0,0
1567381278,s1,0.00,0.00,0.00,0,0,0.00,0.00,0.00,0,0,0.00,0.00,0,0
1567381278,eth0,342.00,0.00,342.00,0,342,1.00,0.00,1.00,0,1,0.00,0.00,0,0
1567381278,s2,0.00,0.00,0.00,0,0,0.00,0.00,0.00,0,0,0.00,0.00,0,0
1567381278,s1-eth2,149258.00,6112018.00,6261276.00,6112018,149258,2017.00,4037.00,6054.00,4037,2017,0.00,0.00,0,0
1567381278,s1-eth0,0.00,0.00,0.00,0,0,0.00,0.00,0.00,0,0,0.00,0.00,0,0
1567381278,s1-eth1,6108990.00,149258.00,6258248.00,149258,6108990,4035.00,2017.00,6052.00,2017,4035,0.00,0.00,0,0
1567381278,s2-eth1,0.00,0.00,0.00,0,0,0.00,0.00,0.00,0,0,0.00,0.00,0,0
1567381278,lo,0.00,0.00,0.00,0,0,0.00,0.00,0.00,0,0,0.00,0.00,0,0
1567381278,total,6258590.00,6261276.00,12519866.00,6261276,6258590,6053.00,6054.00,12107.00,6054,6053,0.00,0.00,0,0
1567381279,s5,0.00,0.00,0.00,0,0,0.00,0.00,0.00,0,0,0.00,0.00,0,0
1567381279,s1,0.00,0.00,0.00,0,0,0.00,0.00,0.00,0,0,0.00,0.00,0,0
1567381279,eth0,0.00,0.00,0.00,0,0,0.00,0.00,0.00,0,0,0.00,0.00,0,0
1567381279,s2,0.00,0.00,0.00,0,0,0.00,0.00,0.00,0,0,0.00,0.00,0,0
1567381279,s1-eth2,149702.00,6119588.00,6269290.00,6119588,149702,2023.00,4042.00,6065.00,4042,2023,0.00,0.00,0,0
1567381279,s1-eth0,0.00,0.00,0.00,0,0,0.00,0.00,0.00,0,0,0.00,0.00,0,0
1567381279,s1-eth1,6121444.00,149554.00,6270998.00,149554,6121444,4044.00,2021.00,6065.00,2021,4044,0.00,0.00,0,0
1567381279,s2-eth1,0.00,0.00,0.00,0,0,0.00,0.00,0.00,0,0,0.00,0.00,0,0
1567381279,lo,172.00,172.00,344.00,172,172,3.00,3.00,6.00,3,3,0.00,0.00,0,0
1567381279,total,6271318.00,6269314.00,12540632.00,6269314,6271318,6070.00,6066.00,12136.00,6066,6070,0.00,0.00,0,0
1567381280,s5,0.00,0.00,0.00,0,0,0.00,0.00,0.00,0,0,0.00,0.00,0,0
1567381280,s1,0.00,0.00,0.00,0,0,0.00,0.00,0.00,0,0,0.00,0.00,0,0
1567381280,eth0,0.00,0.00,0.00,0,0,0.00,0.00,0.00,0,0,0.00,0.00,0,0
1567381280,s2,0.00,0.00,0.00,0,0,0.00,0.00,0.00,0,0,0.00,0.00,0,0
1567381280,s1-eth2,140156.00,5739574.00,5879730.00,5739574,140156,1894.00,3791.00,5685.00,3791,1894,0.00,0.00,0,0
1567381280,s1-eth0,0.00,0.00,0.00,0,0,0.00,0.00,0.00,0,0,0.00,0.00,0,0
1567381280,s1-eth1,5739574.00,140304.00,5879878.00,140304,5739574,3791.00,1896.00,5687.00,1896,3791,0.00,0.00,0,0
1567381280,s2-eth1,0.00,0.00,0.00,0,0,0.00,0.00,0.00,0,0,0.00,0.00,0,0
1567381280,lo,172.00,172.00,344.00,172,172,3.00,3.00,6.00,3,3,0.00,0.00,0,0
1567381280,total,5879902.00,5880050.00,11759952.00,5880050,5879902,5688.00,5690.00,11378.00,5690,5688,0.00,0.00,0,0
1567381281,s5,0.00,0.00,0.00,0,0,0.00,0.00,0.00,0,0,0.00,0.00,0,0
1567381281,s1,0.00,0.00,0.00,0,0,0.00,0.00,0.00,0,0,0.00,0.00,0,0
1567381281,eth0,0.00,0.00,0.00,0,0,0.00,0.00,0.00,0,0,0.00,0.00,0,0
1567381281,s2,0.00,0.00,0.00,0,0,0.00,0.00,0.00,0,0,0.00,0.00,0,0
1567381281,s1-eth2,151252.75,6184561.50,6335814.50,6190746,151404,2043.96,4084.92,6128.87,4089,2046,0.00,0.00,0,0
1567381281,s1-eth0,0.00,0.00,0.00,0,0,0.00,0.00,0.00,0,0,0.00,0.00,0,0
1567381281,s1-eth1,6181536.50,151104.91,6332641.50,151256,6187718,4082.92,2041.96,6124.88,2044,4087,0.00,0.00,0,0
1567381281,s2-eth1,0.00,0.00,0.00,0,0,0.00,0.00,0.00,0,0,0.00,0.00,0,0
1567381281,lo,0.00,0.00,0.00,0,0,0.00,0.00,0.00,0,0,0.00,0.00,0,0
1567381281,total,6332789.50,6335666.50,12668456.00,6342002,6339122,6126.87,6126.87,12253.75,6133,6133,0.00,0.00,0,0
1567381282,s5,0.00,0.00,0.00,0,0,0.00,0.00,0.00,0,0,0.00,0.00,0,0
1567381282,s1,0.00,0.00,0.00,0,0,0.00,0.00,0.00,0,0,0.00,0.00,0,0
1567381282,eth0,0.00,0.00,0.00,0,0,0.00,0.00,0.00,0,0,0.00,0.00,0,0
1567381282,s2,0.00,0.00,0.00,0,0,0.00,0.00,0.00,0,0,0.00,0.00,0,0
1567381282,s1-eth2,147630.00,6046916.00,6194546.00,6046916,147630,1995.00,3994.00,5989.00,3994,1995,0.00,0.00,0,0
1567381282,s1-eth0,0.00,0.00,0.00,0,0,0.00,0.00,0.00,0,0,0.00,0.00,0,0
1567381282,s1-eth1,6048430.00,147778.00,6196208.00,147778,6048430,3995.00,1997.00,5992.00,1997,3995,0.00,0.00,0,0
1567381282,s2-eth1,0.00,0.00,0.00,0,0,0.00,0.00,0.00,0,0,0.00,0.00,0,0
1567381282,lo,172.00,172.00,344.00,172,172,3.00,3.00,6.00,3,3,0.00,0.00,0,0
1567381282,total,6196232.00,6194866.00,12391098.00,6194866,6196232,5993.00,5994.00,11987.00,5994,5993,0.00,0.00,0,0
1567381283,s5,0.00,0.00,0.00,0,0,0.00,0.00,0.00,0,0,0.00,0.00,0,0
1567381283,s1,0.00,0.00,0.00,0,0,0.00,0.00,0.00,0,0,0.00,0.00,0,0
1567381283,eth0,107.00,0.00,107.00,0,107,1.00,0.00,1.00,0,1,0.00,0.00,0,0
1567381283,s2,0.00,110.00,110.00,110,0,0.00,1.00,1.00,1,0,0.00,0.00,0,0
1567381283,s1-eth2,142116.00,5744116.00,5886232.00,5744116,142116,1920.00,3794.00,5714.00,3794,1920,0.00,0.00,0,0
1567381283,s1-eth0,110.00,110.00,220.00,110,110,1.00,1.00,2.00,1,1,0.00,0.00,0,0
1567381283,s1-eth1,5741198.00,141118.00,5882316.00,141118,5741198,3793.00,1907.00,5700.00,1907,3793,0.00,0.00,0,0
1567381283,s2-eth1,110.00,110.00,220.00,110,110,1.00,1.00,2.00,1,1,0.00,0.00,0,0
1567381283,lo,308.00,308.00,616.00,308,308,3.00,3.00,6.00,3,3,0.00,0.00,0,0
1567381283,total,5883949.00,5885872.00,11769821.00,5885872,5883949,5719.00,5707.00,11426.00,5707,5719,0.00,0.00,0,0
1567381284,s5,0.00,0.00,0.00,0,0,0.00,0.00,0.00,0,0,0.00,0.00,0,0
1567381284,s1,0.00,0.00,0.00,0,0,0.00,0.00,0.00,0,0,0.00,0.00,0,0
1567381284,eth0,0.00,0.00,0.00,0,0,0.00,0.00,0.00,0,0,0.00,0.00,0,0
1567381284,s2,0.00,530.00,530.00,530,0,0.00,3.00,3.00,3,0,0.00,0.00,0,0
1567381284,s1-eth2,146310.00,6037832.00,6184142.00,6037832,146310,1973.00,3988.00,5961.00,3988,1973,0.00,0.00,0,0
1567381284,s1-eth0,530.00,530.00,1060.00,530,530,3.00,3.00,6.00,3,3,0.00,0.00,0,0
1567381284,s1-eth1,6032306.00,146668.00,6178974.00,146668,6032306,3987.00,1982.00,5969.00,1982,3987,0.00,0.00,0,0
1567381284,s2-eth1,530.00,530.00,1060.00,530,530,3.00,3.00,6.00,3,3,0.00,0.00,0,0
1567381284,lo,1082.00,1082.00,2164.00,1082,1082,12.00,12.00,24.00,12,12,0.00,0.00,0,0
1567381284,total,6180758.00,6187172.00,12367930.00,6187172,6180758,5978.00,5991.00,11969.00,5991,5978,0.00,0.00,0,0
1567381285,s5,0.00,0.00,0.00,0,0,0.00,0.00,0.00,0,0,0.00,0.00,0,0
1567381285,s1,0.00,0.00,0.00,0,0,0.00,0.00,0.00,0,0,0.00,0.00,0,0
1567381285,eth0,0.00,0.00,0.00,0,0,0.00,0.00,0.00,0,0,0.00,0.00,0,0
1567381285,s2,0.00,1397.00,1397.00,1397,0,0.00,9.00,9.00,9,0,0.00,0.00,0,0
1567381285,s1-eth2,150295.00,6119588.00,6269883.00,6119588,150295,2025.00,4042.00,6067.00,4042,2025,0.00,0.00,0,0
1567381285,s1-eth0,1397.00,1689.00,3086.00,1689,1397,9.00,9.00,18.00,9,9,0.00,0.00,0,0
1567381285,s1-eth1,6118339.00,149406.00,6267745.00,149406,6118339,4050.00,2019.00,6069.00,2019,4050,0.00,0.00,0,0
1567381285,s2-eth1,1689.00,1397.00,3086.00,1397,1689,9.00,9.00,18.00,9,9,0.00,0.00,0,0
1567381285,lo,2895.00,2895.00,5790.00,2895,2895,30.00,30.00,60.00,30,30,0.00,0.00,0,0
1567381285,total,6274615.00,6276372.00,12550987.00,6276372,6274615,6123.00,6118.00,12241.00,6118,6123,0.00,0.00,0,0
1567381286,s5,0.00,0.00,0.00,0,0,0.00,0.00,0.00,0,0,0.00,0.00,0,0
1567381286,s1,0.00,0.00,0.00,0,0,0.00,0.00,0.00,0,0,0.00,0.00,0,0
1567381286,eth0,0.00,0.00,0.00,0,0,0.00,0.00,0.00,0,0,0.00,0.00,0,0
1567381286,s2,0.00,797.00,797.00,797,0,0.00,3.00,3.00,3,0,0.00,0.00,0,0
1567381286,s1-eth2,150508.00,6104448.00,6254956.00,6104448,150508,2022.00,4032.00,6054.00,4032,2022,0.00,0.00,0,0
1567381286,s1-eth0,797.00,711.00,1508.00,711,797,3.00,4.00,7.00,4,3,0.00,0.00,0,0
1567381286,s1-eth1,6103897.00,149184.00,6253081.00,149184,6103897,4035.00,2016.00,6051.00,2016,4035,0.00,0.00,0,0
1567381286,s2-eth1,711.00,797.00,1508.00,797,711,4.00,3.00,7.00,3,4,0.00,0.00,0,0
1567381286,lo,978.00,978.00,1956.00,978,978,9.00,9.00,18.00,9,9,0.00,0.00,0,0
1567381286,total,6256891.00,6256915.00,12513806.00,6256915,6256891,6073.00,6067.00,12140.00,6067,6073,0.00,0.00,0,0
1567381287,s5,0.00,0.00,0.00,0,0,0.00,0.00,0.00,0,0,0.00,0.00,0,0
1567381287,s1,0.00,0.00,0.00,0,0,0.00,0.00,0.00,0,0,0.00,0.00,0,0
1567381287,eth0,0.00,0.00,0.00,0,0,0.00,0.00,0.00,0,0,0.00,0.00,0,0
1567381287,s2,0.00,644.00,644.00,644,0,0.00,2.00,2.00,2,0,0.00,0.00,0,0
1567381287,s1-eth2,150706.00,6122616.00,6273322.00,6122616,150706,2028.00,4044.00,6072.00,4044,2028,0.00,0.00,0,0
1567381287,s1-eth0,644.00,669.00,1313.00,669,644,2.00,2.00,4.00,2,2,0.00,0.00,0,0
1567381287,s1-eth1,6127485.00,149776.00,6277261.00,149776,6127485,4048.00,2024.00,6072.00,2024,4048,0.00,0.00,0,0
1567381287,s2-eth1,669.00,644.00,1313.00,644,669,2.00,2.00,4.00,2,2,0.00,0.00,0,0
1567381287,lo,652.00,652.00,1304.00,652,652,6.00,6.00,12.00,6,6,0.00,0.00,0,0
1567381287,total,6280156.00,6275001.00,12555157.00,6275001,6280156,6086.00,6080.00,12166.00,6080,6086,0.00,0.00,0,0
1567381288,s5,0.00,0.00,0.00,0,0,0.00,0.00,0.00,0,0,0.00,0.00,0,0
1567381288,s1,0.00,0.00,0.00,0,0,0.00,0.00,0.00,0,0,0.00,0.00,0,0
1567381288,eth0,0.00,0.00,0.00,0,0,0.00,0.00,0.00,0,0,0.00,0.00,0,0
1567381288,s2,0.00,230.00,230.00,230,0,0.00,1.00,1.00,1,0,0.00,0.00,0,0
1567381288,s1-eth2,149513.00,6113532.00,6263045.00,6113532,149513,2020.00,4038.00,6058.00,4038,2020,0.00,0.00,0,0
1567381288,s1-eth0,230.00,374.00,604.00,374,230,1.00,2.00,3.00,2,1,0.00,0.00,0,0
1567381288,s1-eth1,6116934.00,149406.00,6266340.00,149406,6116934,4042.00,2019.00,6061.00,2019,4042,0.00,0.00,0,0
1567381288,s2-eth1,374.00,230.00,604.00,230,374,2.00,1.00,3.00,1,2,0.00,0.00,0,0
1567381288,lo,326.00,326.00,652.00,326,326,3.00,3.00,6.00,3,3,0.00,0.00,0,0
1567381288,total,6267377.00,6264098.00,12531475.00,6264098,6267377,6068.00,6064.00,12132.00,6064,6068,0.00,0.00,0,0
1567381289,s5,0.00,0.00,0.00,0,0,0.00,0.00,0.00,0,0,0.00,0.00,0,0
1567381289,s1,0.00,0.00,0.00,0,0,0.00,0.00,0.00,0,0,0.00,0.00,0,0
1567381289,eth0,0.00,0.00,0.00,0,0,0.00,0.00,0.00,0,0,0.00,0.00,0,0
1567381289,s2,0.00,714.00,714.00,714,0,0.00,3.00,3.00,3,0,0.00,0.00,0,0
1567381289,s1-eth2,150070.00,6105962.00,6256032.00,6105962,150070,2022.00,4033.00,6055.00,4033,2022,0.00,0.00,0,0
1567381289,s1-eth0,714.00,397.00,1111.00,397,714,3.00,2.00,5.00,2,3,0.00,0.00,0,0
1567381289,s1-eth1,6109387.00,149332.00,6258719.00,149332,6109387,4037.00,2018.00,6055.00,2018,4037,0.00,0.00,0,0
1567381289,s2-eth1,397.00,714.00,1111.00,714,397,2.00,3.00,5.00,3,2,0.00,0.00,0,0
1567381289,lo,1092.00,1092.00,2184.00,1092,1092,12.00,12.00,24.00,12,12,0.00,0.00,0,0
1567381289,total,6261660.00,6258211.00,12519871.00,6258211,6261660,6076.00,6071.00,12147.00,6071,6076,0.00,0.00,0,0
1567381290,s5,0.00,0.00,0.00,0,0,0.00,0.00,0.00,0,0,0.00,0.00,0,0
1567381290,s1,0.00,0.00,0.00,0,0,0.00,0.00,0.00,0,0,0.00,0.00,0,0
1567381290,eth0,0.00,60.00,60.00,60,0,0.00,1.00,1.00,1,0,0.00,0.00,0,0
1567381290,s2,0.00,0.00,0.00,0,0,0.00,0.00,0.00,0,0,0.00,0.00,0,0
1567381290,s1-eth2,150590.00,6165008.00,6315598.00,6165008,150590,2035.00,4072.00,6107.00,4072,2035,0.00,0.00,0,0
1567381290,s1-eth0,0.00,0.00,0.00,0,0,0.00,0.00,0.00,0,0,0.00,0.00,0,0
1567381290,s1-eth1,6168036.00,150664.00,6318700.00,150664,6168036,4074.00,2036.00,6110.00,2036,4074,0.00,0.00,0,0
1567381290,s2-eth1,0.00,0.00,0.00,0,0,0.00,0.00,0.00,0,0,0.00,0.00,0,0
1567381290,lo,172.00,172.00,344.00,172,172,3.00,3.00,6.00,3,3,0.00,0.00,0,0
1567381290,total,6318798.00,6315904.00,12634702.00,6315904,6318798,6112.00,6112.00,12224.00,6112,6112,0.00,0.00,0,0
1567381291,s5,0.00,0.00,0.00,0,0,0.00,0.00,0.00,0,0,0.00,0.00,0,0
1567381291,s1,0.00,0.00,0.00,0,0,0.00,0.00,0.00,0,0,0.00,0.00,0,0
1567381291,eth0,0.00,0.00,0.00,0,0,0.00,0.00,0.00,0,0,0.00,0.00,0,0
1567381291,s2,0.00,0.00,0.00,0,0,0.00,0.00,0.00,0,0,0.00,0.00,0,0
1567381291,s1-eth2,150960.00,6177120.00,6328080.00,6177120,150960,2040.00,4080.00,6120.00,4080,2040,0.00,0.00,0,0
1567381291,s1-eth0,0.00,0.00,0.00,0,0,0.00,0.00,0.00,0,0,0.00,0.00,0,0
1567381291,s1-eth1,6177120.00,151034.00,6328154.00,151034,6177120,4080.00,2041.00,6121.00,2041,4080,0.00,0.00,0,0
1567381291,s2-eth1,0.00,0.00,0.00,0,0,0.00,0.00,0.00,0,0,0.00,0.00,0,0
1567381291,lo,0.00,0.00,0.00,0,0,0.00,0.00,0.00,0,0,0.00,0.00,0,0
1567381291,total,6328080.00,6328154.00,12656234.00,6328154,6328080,6120.00,6121.00,12241.00,6121,6120,0.00,0.00,0,0
1567381292,s5,0.00,0.00,0.00,0,0,0.00,0.00,0.00,0,0,0.00,0.00,0,0
1567381292,s1,0.00,0.00,0.00,0,0,0.00,0.00,0.00,0,0,0.00,0.00,0,0
1567381292,eth0,0.00,0.00,0.00,0,0,0.00,0.00,0.00,0,0,0.00,0.00,0,0
1567381292,s2,0.00,0.00,0.00,0,0,0.00,0.00,0.00,0,0,0.00,0.00,0,0
1567381292,s1-eth2,149439.00,6104448.00,6253887.00,6104448,149439,2019.00,4032.00,6051.00,4032,2019,0.00,0.00,0,0
1567381292,s1-eth0,0.00,449.00,449.00,449,0,0.00,2.00,2.00,2,0,0.00,0.00,0,0
1567381292,s1-eth1,6100013.00,149110.00,6249123.00,149110,6100013,4030.00,2015.00,6045.00,2015,4030,0.00,0.00,0,0
1567381292,s2-eth1,449.00,0.00,449.00,0,449,2.00,0.00,2.00,0,2,0.00,0.00,0,0
1567381292,lo,0.00,0.00,0.00,0,0,0.00,0.00,0.00,0,0,0.00,0.00,0,0
1567381292,total,6249901.00,6254007.00,12503908.00,6254007,6249901,6051.00,6049.00,12100.00,6049,6051,0.00,0.00,0,0
1567381293,s5,0.00,0.00,0.00,0,0,0.00,0.00,0.00,0,0,0.00,0.00,0,0
1567381293,s1,0.00,0.00,0.00,0,0,0.00,0.00,0.00,0,0,0.00,0.00,0,0
1567381293,eth0,342.00,0.00,342.00,0,342,1.00,0.00,1.00,0,1,0.00,0.00,0,0
1567381293,s2,0.00,412.00,412.00,412,0,0.00,2.00,2.00,2,0,0.00,0.00,0,0
1567381293,s1-eth2,149698.00,6127158.00,6276856.00,6127158,149698,2023.00,4047.00,6070.00,4047,2023,0.00,0.00,0,0
1567381293,s1-eth0,412.00,70.00,482.00,70,412,2.00,1.00,3.00,1,2,0.00,0.00,0,0
1567381293,s1-eth1,6130598.00,149850.00,6280448.00,149850,6130598,4051.00,2025.00,6076.00,2025,4051,0.00,0.00,0,0
1567381293,s2-eth1,70.00,412.00,482.00,412,70,1.00,2.00,3.00,2,1,0.00,0.00,0,0
1567381293,lo,594.00,594.00,1188.00,594,594,6.00,6.00,12.00,6,6,0.00,0.00,0,0
1567381293,total,6281714.00,6278496.00,12560210.00,6278496,6281714,6084.00,6083.00,12167.00,6083,6084,0.00,0.00,0,0
1567381294,s5,0.00,0.00,0.00,0,0,0.00,0.00,0.00,0,0,0.00,0.00,0,0
1567381294,s1,0.00,0.00,0.00,0,0,0.00,0.00,0.00,0,0,0.00,0.00,0,0
1567381294,eth0,0.00,0.00,0.00,0,0,0.00,0.00,0.00,0,0,0.00,0.00,0,0
1567381294,s2,0.00,0.00,0.00,0,0,0.00,0.00,0.00,0,0,0.00,0.00,0,0
1567381294,s1-eth2,148934.00,6081738.00,6230672.00,6081738,148934,2009.00,4017.00,6026.00,4017,2009,0.00,0.00,0,0
1567381294,s1-eth0,0.00,0.00,0.00,0,0,0.00,0.00,0.00,0,0,0.00,0.00,0,0
1567381294,s1-eth1,6080224.00,148592.00,6228816.00,148592,6080224,4016.00,2008.00,6024.00,2008,4016,0.00,0.00,0,0
1567381294,s2-eth1,0.00,0.00,0.00,0,0,0.00,0.00,0.00,0,0,0.00,0.00,0,0
1567381294,lo,172.00,172.00,344.00,172,172,3.00,3.00,6.00,3,3,0.00,0.00,0,0
1567381294,total,6229330.00,6230502.00,12459832.00,6230502,6229330,6028.00,6028.00,12056.00,6028,6028,0.00,0.00,0,0
1567381295,s5,0.00,0.00,0.00,0,0,0.00,0.00,0.00,0,0,0.00,0.00,0,0
1567381295,s1,0.00,0.00,0.00,0,0,0.00,0.00,0.00,0,0,0.00,0.00,0,0
1567381295,eth0,0.00,0.00,0.00,0,0,0.00,0.00,0.00,0,0,0.00,0.00,0,0
1567381295,s2,0.00,0.00,0.00,0,0,0.00,0.00,0.00,0,0,0.00,0.00,0,0
1567381295,s1-eth2,150294.00,6149868.00,6300162.00,6149868,150294,2031.00,4062.00,6093.00,4062,2031,0.00,0.00,0,0
1567381295,s1-eth0,0.00,0.00,0.00,0,0,0.00,0.00,0.00,0,0,0.00,0.00,0,0
1567381295,s1-eth1,6149868.00,150220.00,6300088.00,150220,6149868,4062.00,2030.00,6092.00,2030,4062,0.00,0.00,0,0
1567381295,s2-eth1,0.00,0.00,0.00,0,0,0.00,0.00,0.00,0,0,0.00,0.00,0,0
1567381295,lo,172.00,172.00,344.00,172,172,3.00,3.00,6.00,3,3,0.00,0.00,0,0
1567381295,total,6300334.00,6300260.00,12600594.00,6300260,6300334,6096.00,6095.00,12191.00,6095,6096,0.00,0.00,0,0
1567381296,s5,0.00,0.00,0.00,0,0,0.00,0.00,0.00,0,0,0.00,0.00,0,0
1567381296,s1,0.00,0.00,0.00,0,0,0.00,0.00,0.00,0,0,0.00,0.00,0,0
1567381296,eth0,0.00,0.00,0.00,0,0,0.00,0.00,0.00,0,0,0.00,0.00,0,0
1567381296,s2,0.00,0.00,0.00,0,0,0.00,0.00,0.00,0,0,0.00,0.00,0,0
1567381296,s1-eth2,33460.00,1169792.00,1203252.00,1169792,33460,452.00,776.00,1228.00,776,452,0.00,0.00,0,0
1567381296,s1-eth0,0.00,0.00,0.00,0,0,0.00,0.00,0.00,0,0,0.00,0.00,0,0
1567381296,s1-eth1,1239436.00,31980.00,1271416.00,31980,1239436,822.00,432.00,1254.00,432,822,0.00,0.00,0,0
1567381296,s2-eth1,0.00,0.00,0.00,0,0,0.00,0.00,0.00,0,0,0.00,0.00,0,0
1567381296,lo,0.00,0.00,0.00,0,0,0.00,0.00,0.00,0,0,0.00,0.00,0,0
1567381296,total,1272896.00,1201772.00,2474668.00,1201772,1272896,1274.00,1208.00,2482.00,1208,1274,0.00,0.00,0,0
1567381297,s5,0.00,0.00,0.00,0,0,0.00,0.00,0.00,0,0,0.00,0.00,0,0
1567381297,s1,0.00,0.00,0.00,0,0,0.00,0.00,0.00,0,0,0.00,0.00,0,0
1567381297,eth0,0.00,0.00,0.00,0,0,0.00,0.00,0.00,0,0,0.00,0.00,0,0
1567381297,s2,0.00,342.00,342.00,342,0,0.00,1.00,1.00,1,0,0.00,0.00,0,0
1567381297,s1-eth2,0.00,0.00,0.00,0,0,0.00,0.00,0.00,0,0,0.00,0.00,0,0
1567381297,s1-eth0,342.00,0.00,342.00,0,342,1.00,0.00,1.00,0,1,0.00,0.00,0,0
1567381297,s1-eth1,0.00,0.00,0.00,0,0,0.00,0.00,0.00,0,0,0.00,0.00,0,0
1567381297,s2-eth1,0.00,342.00,342.00,342,0,0.00,1.00,1.00,1,0,0.00,0.00,0,0
1567381297,lo,498.00,498.00,996.00,498,498,6.00,6.00,12.00,6,6,0.00,0.00,0,0
1567381297,total,840.00,1182.00,2022.00,1182,840,7.00,8.00,15.00,8,7,0.00,0.00,0,0
1567381298,s5,0.00,0.00,0.00,0,0,0.00,0.00,0.00,0,0,0.00,0.00,0,0
1567381298,s1,0.00,0.00,0.00,0,0,0.00,0.00,0.00,0,0,0.00,0.00,0,0
1567381298,eth0,0.00,60.00,60.00,60,0,0.00,1.00,1.00,1,0,0.00,0.00,0,0
1567381298,s2,0.00,0.00,0.00,0,0,0.00,0.00,0.00,0,0,0.00,0.00,0,0
1567381298,s1-eth2,0.00,0.00,0.00,0,0,0.00,0.00,0.00,0,0,0.00,0.00,0,0
1567381298,s1-eth0,0.00,0.00,0.00,0,0,0.00,0.00,0.00,0,0,0.00,0.00,0,0
1567381298,s1-eth1,0.00,0.00,0.00,0,0,0.00,0.00,0.00,0,0,0.00,0.00,0,0
1567381298,s2-eth1,0.00,0.00,0.00,0,0,0.00,0.00,0.00,0,0,0.00,0.00,0,0
1567381298,lo,0.00,0.00,0.00,0,0,0.00,0.00,0.00,0,0,0.00,0.00,0,0
1567381298,total,0.00,60.00,60.00,60,0,0.00,1.00,1.00,1,0,0.00,0.00,0,0
1567381299,s5,0.00,0.00,0.00,0,0,0.00,0.00,0.00,0,0,0.00,0.00,0,0
1567381299,s1,0.00,0.00,0.00,0,0,0.00,0.00,0.00,0,0,0.00,0.00,0,0
1567381299,eth0,0.00,60.00,60.00,60,0,0.00,1.00,1.00,1,0,0.00,0.00,0,0
1567381299,s2,0.00,0.00,0.00,0,0,0.00,0.00,0.00,0,0,0.00,0.00,0,0
1567381299,s1-eth2,0.00,0.00,0.00,0,0,0.00,0.00,0.00,0,0,0.00,0.00,0,0
1567381299,s1-eth0,0.00,0.00,0.00,0,0,0.00,0.00,0.00,0,0,0.00,0.00,0,0
1567381299,s1-eth1,0.00,0.00,0.00,0,0,0.00,0.00,0.00,0,0,0.00,0.00,0,0
1567381299,s2-eth1,0.00,0.00,0.00,0,0,0.00,0.00,0.00,0,0,0.00,0.00,0,0
1567381299,lo,172.00,172.00,344.00,172,172,3.00,3.00,6.00,3,3,0.00,0.00,0,0
1567381299,total,172.00,232.00,404.00,232,172,3.00,4.00,7.00,4,3,0.00,0.00,0,0
1567381300,s5,0.00,0.00,0.00,0,0,0.00,0.00,0.00,0,0,0.00,0.00,0,0
1567381300,s1,0.00,0.00,0.00,0,0,0.00,0.00,0.00,0,0,0.00,0.00,0,0
1567381300,eth0,0.00,59.94,59.94,60,0,0.00,