1567406603,s5,0.00,0.00,0.00,0,0,0.00,0.00,0.00,0,0,0.00,0.00,0,0
1567406603,s1,0.00,0.00,0.00,0,0,0.00,0.00,0.00,0,0,0.00,0.00,0,0
1567406603,eth0,0.00,0.00,0.00,0,0,0.00,0.00,0.00,0,0,0.00,0.00,0,0
1567406603,s2,0.00,0.00,0.00,0,0,0.00,0.00,0.00,0,0,0.00,0.00,0,0
1567406603,s1-eth2,0.00,0.00,0.00,0,0,0.00,0.00,0.00,0,0,0.00,0.00,0,0
1567406603,s1-eth0,0.00,0.00,0.00,0,0,0.00,0.00,0.00,0,0,0.00,0.00,0,0
1567406603,s1-eth1,0.00,0.00,0.00,0,0,0.00,0.00,0.00,0,0,0.00,0.00,0,0
1567406603,s2-eth1,0.00,0.00,0.00,0,0,0.00,0.00,0.00,0,0,0.00,0.00,0,0
1567406603,lo,0.00,0.00,0.00,0,0,0.00,0.00,0.00,0,0,0.00,0.00,0,0
1567406603,total,0.00,0.00,0.00,0,0,0.00,0.00,0.00,0,0,0.00,0.00,0,0
1567406604,s5,0.00,0.00,0.00,0,0,0.00,0.00,0.00,0,0,0.00,0.00,0,0
1567406604,s1,159.68,179.64,339.32,180,160,2.00,2.00,3.99,2,2,0.00,0.00,0,0
1567406604,eth0,303.39,489.02,792.42,490,304,3.99,3.99,7.98,4,4,0.00,0.00,0,0
1567406604,s2,249.50,2168.66,2418.16,2173,250,2.99,8.98,11.98,9,3,0.00,0.00,0,0
1567406604,s1-eth2,68224.55,2647323.50,2715548.00,2652618,68361,908.18,1749.50,2657.68,1753,910,0.00,0.00,0,0
1567406604,s1-eth0,2168.66,1724.55,3893.21,1728,2173,8.98,8.98,17.96,9,9,0.00,0.00,0,0
1567406604,s1-eth1,2630392.25,66852.30,2697244.50,66986,2635653,1743.51,903.19,2646.71,905,1747,0.00,0.00,0,0
1567406604,s2-eth1,1724.55,2168.66,3893.21,2173,1728,8.98,8.98,17.96,9,9,0.00,0.00,0,0
1567406604,lo,5503.99,5503.99,11007.98,5515,5515,55.89,55.89,111.78,56,56,0.00,0.00,0,0
1567406604,total,2708726.50,2726410.25,5435137.00,2731863,2714144,2734.53,2741.52,5476.05,2747,2740,0.00,0.00,0,0
1567406605,s5,0.00,0.00,0.00,0,0,0.00,0.00,0.00,0,0,0.00,0.00,0,0
1567406605,s1,90.00,0.00,90.00,0,90,1.00,0.00,1.00,0,1,0.00,0.00,0,0
1567406605,eth0,152.00,245.00,397.00,245,152,2.00,2.00,4.00,2,2,0.00,0.00,0,0
1567406605,s2,0.00,230.00,230.00,230,0,0.00,1.00,1.00,1,0,0.00,0.00,0,0
1567406605,s1-eth2,87088.00,3420126.00,3507214.00,3420126,87088,1167.00,2259.00,3426.00,2259,1167,0.00,0.00,0,0
1567406605,s1-eth0,230.00,327.00,557.00,327,230,1.00,1.00,2.00,1,1,0.00,0.00,0,0
1567406605,s1-eth1,3412973.00,86358.00,3499331.00,86358,3412973,2256.00,1167.00,3423.00,1167,2256,0.00,0.00,0,0
1567406605,s2-eth1,327.00,230.00,557.00,230,327,1.00,1.00,2.00,1,1,0.00,0.00,0,0
1567406605,lo,955.00,955.00,1910.00,955,955,10.00,10.00,20.00,10,10,0.00,0.00,0,0
1567406605,total,3501815.00,3508471.00,7010286.00,3508471,3501815,3438.00,3441.00,6879.00,3441,3438,0.00,0.00,0,0
1567406607,s5,0.00,0.00,0.00,0,0,0.00,0.00,0.00,0,0,0.00,0.00,0,0
1567406607,s1,0.00,0.00,0.00,0,0,0.00,0.00,0.00,0,0,0.00,0.00,0,0
1567406607,eth0,59.82,59.82,119.64,60,60,1.00,1.00,1.99,1,1,0.00,0.00,0,0
1567406607,s2,0.00,407.78,407.78,409,0,0.00,1.99,1.99,2,0,0.00,0.00,0,0
1567406607,s1-eth2,85911.27,3432538.50,3518449.75,3442836,86169,1160.52,2267.20,3427.72,2274,1164,0.00,0.00,0,0
1567406607,s1-eth0,407.78,106.68,514.46,107,409,1.99,1.00,2.99,1,2,0.00,0.00,0,0
1567406607,s1-eth1,3431401.75,85361.91,3516763.75,85618,3441696,2268.20,1153.54,3421.73,1157,2275,0.00,0.00,0,0
1567406607,s2-eth1,106.68,407.78,514.46,409,107,1.00,1.99,2.99,2,1,0.00,0.00,0,0
1567406607,lo,629.11,629.11,1258.23,631,631,5.98,5.98,11.96,6,6,0.00,0.00,0,0
1567406607,total,3518516.50,3519511.50,7038028.00,3530070,3529072,3438.68,3432.70,6871.39,3443,3449,0.00,0.00,0,0
1567406608,s5,0.00,0.00,0.00,0,0,0.00,0.00,0.00,0,0,0.00,0.00,0,0
1567406608,s1,0.00,140.00,140.00,140,0,0.00,2.00,2.00,2,0,0.00,0.00,0,0
1567406608,eth0,0.00,0.00,0.00,0,0,0.00,0.00,0.00,0,0,0.00,0.00,0,0
1567406608,s2,0.00,300.00,300.00,300,0,0.00,2.00,2.00,2,0,0.00,0.00,0,0
1567406608,s1-eth2,88467.00,3604904.00,3693371.00,3604904,88467,1193.00,2382.00,3575.00,2382,1193,0.00,0.00,0,0
1567406608,s1-eth0,300.00,664.00,964.00,664,300,2.00,3.00,5.00,3,2,0.00,0.00,0,0
1567406608,s1-eth1,3608259.00,88130.00,3696389.00,88130,3608259,2385.00,1191.00,3576.00,1191,2385,0.00,0.00,0,0
1567406608,s2-eth1,664.00,300.00,964.00,300,664,3.00,2.00,5.00,2,3,0.00,0.00,0,0
1567406608,lo,1130.00,1130.00,2260.00,1130,1130,12.00,12.00,24.00,12,12,0.00,0.00,0,0
1567406608,total,3698820.00,3695568.00,7394388.00,3695568,3698820,3595.00,3594.00,7189.00,3594,3595,0.00,0.00,0,0
1567406609,s5,0.00,0.00,0.00,0,0,0.00,0.00,0.00,0,0,0.00,0.00,0,0
1567406609,s1,70.00,0.00,70.00,0,70,1.00,0.00,1.00,0,1,0.00,0.00,0,0
1567406609,eth0,0.00,0.00,0.00,0,0,0.00,0.00,0.00,0,0,0.00,0.00,0,0
1567406609,s2,70.00,302.00,372.00,302,70,1.00,1.00,2.00,1,1,0.00,0.00,0,0
1567406609,s1-eth2,94895.00,3881896.00,3976791.00,3881896,94895,1279.00,2564.00,3843.00,2564,1279,0.00,0.00,0,0
1567406609,s1-eth0,302.00,70.00,372.00,70,302,1.00,1.00,2.00,1,1,0.00,0.00,0,0
1567406609,s1-eth1,3885064.00,95090.00,3980154.00,95090,3885064,2568.00,1285.00,3853.00,1285,2568,0.00,0.00,0,0
1567406609,s2-eth1,70.00,302.00,372.00,302,70,1.00,1.00,2.00,1,1,0.00,0.00,0,0
1567406609,lo,1086.00,1086.00,2172.00,1086,1086,13.00,13.00,26.00,13,13,0.00,0.00,0,0
1567406609,total,3981557.00,3978746.00,7960303.00,3978746,3981557,3864.00,3865.00,7729.00,3865,3864,0.00,0.00,0,0
1567406610,s5,0.00,0.00,0.00,0,0,0.00,0.00,0.00,0,0,0.00,0.00,0,0
1567406610,s1,0.00,0.00,0.00,0,0,0.00,0.00,0.00,0,0,0.00,0.00,0,0
1567406610,eth0,0.00,0.00,0.00,0,0,0.00,0.00,0.00,0,0,0.00,0.00,0,0
1567406610,s2,0.00,0.00,0.00,0,0,0.00,0.00,0.00,0,0,0.00,0.00,0,0
1567406610,s1-eth2,93906.00,3844046.00,3937952.00,3844046,93906,1269.00,2539.00,3808.00,2539,1269,0.00,0.00,0,0
1567406610,s1-eth0,0.00,342.00,342.00,342,0,0.00,1.00,1.00,1,0,0.00,0.00,0,0
1567406610,s1-eth1,3834962.00,93684.00,3928646.00,93684,3834962,2533.00,1266.00,3799.00,1266,2533,0.00,0.00,0,0
1567406610,s2-eth1,342.00,0.00,342.00,0,342,1.00,0.00,1.00,0,1,0.00,0.00,0,0
1567406610,lo,0.00,0.00,0.00,0,0,0.00,0.00,0.00,0,0,0.00,0.00,0,0
1567406610,total,3929210.00,3938072.00,7867282.00,3938072,3929210,3803.00,3806.00,7609.00,3806,3803,0.00,0.00,0,0
1567406611,s5,0.00,0.00,0.00,0,0,0.00,0.00,0.00,0,0,0.00,0.00,0,0
1567406611,s1,0.00,0.00,0.00,0,0,0.00,0.00,0.00,0,0,0.00,0.00,0,0
1567406611,eth0,0.00,0.00,0.00,0,0,0.00,0.00,0.00,0,0,0.00,0.00,0,0
1567406611,s2,0.00,107.00,107.00,107,0,0.00,1.00,1.00,1,0,0.00,0.00,0,0
1567406611,s1-eth2,89055.00,3638142.00,3727197.00,3638142,89055,1203.00,2403.00,3606.00,2403,1203,0.00,0.00,0,0
1567406611,s1-eth0,107.00,107.00,214.00,107,107,1.00,1.00,2.00,1,1,0.00,0.00,0,0
1567406611,s1-eth1,3645819.00,89170.00,3734989.00,89170,3645819,2409.00,1205.00,3614.00,1205,2409,0.00,0.00,0,0
1567406611,s2-eth1,107.00,107.00,214.00,107,107,1.00,1.00,2.00,1,1,0.00,0.00,0,0
1567406611,lo,305.00,305.00,610.00,305,305,3.00,3.00,6.00,3,3,0.00,0.00,0,0
1567406611,total,3735393.00,3727938.00,7463331.00,3727938,3735393,3617.00,3614.00,7231.00,3614,3617,0.00,0.00,0,0
1567406612,s5,0.00,0.00,0.00,0,0,0.00,0.00,0.00,0,0,0.00,0.00,0,0
1567406612,s1,0.00,140.00,140.00,140,0,0.00,2.00,2.00,2,0,0.00,0.00,0,0
1567406612,eth0,0.00,0.00,0.00,0,0,0.00,0.00,0.00,0,0,0.00,0.00,0,0
1567406612,s2,0.00,70.00,70.00,70,0,0.00,1.00,1.00,1,0,0.00,0.00,0,0
1567406612,s1-eth2,86276.00,3500438.00,3586714.00,3500438,86276,1166.00,2313.00,3479.00,2313,1166,0.00,0.00,0,0
1567406612,s1-eth0,70.00,70.00,140.00,70,70,1.00,1.00,2.00,1,1,0.00,0.00,0,0
1567406612,s1-eth1,3502022.00,86132.00,3588154.00,86132,3502022,2315.00,1164.00,3479.00,1164,2315,0.00,0.00,0,0
1567406612,s2-eth1,70.00,70.00,140.00,70,70,1.00,1.00,2.00,1,1,0.00,0.00,0,0
1567406612,lo,804.00,804.00,1608.00,804,804,9.00,9.00,18.00,9,9,0.00,0.00,0,0
1567406612,total,3589242.00,3587724.00,7176966.00,3587724,3589242,3492.00,3491.00,6983.00,3491,3492,0.00,0.00,0,0
1567406613,s5,0.00,0.00,0.00,0,0,0.00,0.00,0.00,0,0,0.00,0.00,0,0
1567406613,s1,70.00,0.00,70.00,0,70,1.00,0.00,1.00,0,1,0.00,0.00,0,0
1567406613,eth0,0.00,0.00,0.00,0,0,0.00,0.00,0.00,0,0,0.00,0.00,0,0
1567406613,s2,70.00,342.00,412.00,342,70,1.00,1.00,2.00,1,1,0.00,0.00,0,0
1567406613,s1-eth2,98638.00,4089314.00,4187952.00,4089314,98638,1333.00,2701.00,4034.00,2701,1333,0.00,0.00,0,0
1567406613,s1-eth0,342.00,70.00,412.00,70,342,1.00,1.00,2.00,1,1,0.00,0.00,0,0
1567406613,s1-eth1,4073072.00,98864.00,4171936.00,98864,4073072,2692.00,1336.00,4028.00,1336,2692,0.00,0.00,0,0
1567406613,s2-eth1,70.00,342.00,412.00,342,70,1.00,1.00,2.00,1,1,0.00,0.00,0,0
1567406613,lo,862.00,862.00,1724.00,862,862,9.00,9.00,18.00,9,9,0.00,0.00,0,0
1567406613,total,4173124.00,4189794.00,8362918.00,4189794,4173124,4038.00,4049.00,8087.00,4049,4038,0.00,0.00,0,0
1567406614,s5,0.00,0.00,0.00,0,0,0.00,0.00,0.00,0,0,0.00,0.00,0,0
1567406614,s1,0.00,0.00,0.00,0,0,0.00,0.00,0.00,0,0,0.00,0.00,0,0
1567406614,eth0,0.00,0.00,0.00,0,0,0.00,0.00,0.00,0,0,0.00,0.00,0,0
1567406614,s2,0.00,0.00,0.00,0,0,0.00,0.00,0.00,0,0,0.00,0.00,0,0
1567406614,s1-eth2,147528.00,6034804.00,6182332.00,6034804,147528,1990.00,3986.00,5976.00,3986,1990,0.00,0.00,0,0
1567406614,s1-eth0,0.00,0.00,0.00,0,0,0.00,0.00,0.00,0,0,0.00,0.00,0,0
1567406614,s1-eth1,6033290.00,147260.00,6180550.00,147260,6033290,3985.00,1990.00,5975.00,1990,3985,0.00,0.00,0,0
1567406614,s2-eth1,0.00,0.00,0.00,0,0,0.00,0.00,0.00,0,0,0.00,0.00,0,0
1567406614,lo,172.00,172.00,344.00,172,172,3.00,3.00,6.00,3,3,0.00,0.00,0,0
1567406614,total,6180990.00,6182236.00,12363226.00,6182236,6180990,5978.00,5979.00,11957.00,5979,5978,0.00,0.00,0,0
1567406615,s5,0.00,0.00,0.00,0,0,0.00,0.00,0.00,0,0,0.00,0.00,0,0
1567406615,s1,0.00,0.00,0.00,0,0,0.00,0.00,0.00,0,0,0.00,0.00,0,0
1567406615,eth0,0.00,0.00,0.00,0,0,0.00,0.00,0.00,0,0,0.00,0.00,0,0
1567406615,s2,0.00,0.00,0.00,0,0,0.00,0.00,0.00,0,0,0.00,0.00,0,0
1567406615,s1-eth2,149702.00,6124130.00,6273832.00,6124130,149702,2023.00,4045.00,6068.00,4045,2023,0.00,0.00,0,0
1567406615,s1-eth0,0.00,0.00,0.00,0,0,0.00,0.00,0.00,0,0,0.00,0.00,0,0
1567406615,s1-eth1,6124130.00,149702.00,6273832.00,149702,6124130,4045.00,2023.00,6068.00,2023,4045,0.00,0.00,0,0
1567406615,s2-eth1,0.00,0.00,0.00,0,0,0.00,0.00,0.00,0,0,0.00,0.00,0,0
1567406615,lo,0.00,0.00,0.00,0,0,0.00,0.00,0.00,0,0,0.00,0.00,0,0
1567406615,total,6273832.00,6273832.00,12547664.00,6273832,6273832,6068.00,6068.00,12136.00,6068,6068,0.00,0.00,0,0
1567406616,s5,0.00,0.00,0.00,0,0,0.00,0.00,0.00,0,0,0.00,0.00,0,0
1567406616,s1,0.00,0.00,0.00,0,0,0.00,0.00,0.00,0,0,0.00,0.00,0,0
1567406616,eth0,0.00,0.00,0.00,0,0,0.00,0.00,0.00,0,0,0.00,0.00,0,0
1567406616,s2,0.00,0.00,0.00,0,0,0.00,0.00,0.00,0,0,0.00,0.00,0,0
1567406616,s1-eth2,149702.00,6124130.00,6273832.00,6124130,149702,2023.00,4045.00,6068.00,4045,2023,0.00,0.00,0,0
1567406616,s1-eth0,0.00,0.00,0.00,0,0,0.00,0.00,0.00,0,0,0.00,0.00,0,0
1567406616,s1-eth1,6127158.00,149702.00,6276860.00,149702,6127158,4047.00,2023.00,6070.00,2023,4047,0.00,0.00,0,0
1567406616,s2-eth1,0.00,0.00,0.00,0,0,0.00,0.00,0.00,0,0,0.00,0.00,0,0
1567406616,lo,0.00,0.00,0.00,0,0,0.00,0.00,0.00,0,0,0.00,0.00,0,0
1567406616,total,6276860.00,6273832.00,12550692.00,6273832,6276860,6070.00,6068.00,12138.00,6068,6070,0.00,0.00,0,0
1567406617,s5,0.00,0.00,0.00,0,0,0.00,0.00,0.00,0,0,0.00,0.00,0,0
1567406617,s1,0.00,0.00,0.00,0,0,0.00,0.00,0.00,0,0,0.00,0.00,0,0
1567406617,eth0,0.00,0.00,0.00,0,0,0.00,0.00,0.00,0,0,0.00,0.00,0,0
1567406617,s2,0.00,0.00,0.00,0,0,0.00,0.00,0.00,0,0,0.00,0.00,0,0
1567406617,s1-eth2,149776.00,6130186.00,6279962.00,6130186,149776,2024.00,4049.00,6073.00,4049,2024,0.00,0.00,0,0
1567406617,s1-eth0,0.00,0.00,0.00,0,0,0.00,0.00,0.00,0,0,0.00,0.00,0,0
1567406617,s1-eth1,6127158.00,149702.00,6276860.00,149702,6127158,4047.00,2023.00,6070.00,2023,4047,0.00,0.00,0,0
1567406617,s2-eth1,0.00,0.00,0.00,0,0,0.00,0.00,0.00,0,0,0.00,0.00,0,0
1567406617,lo,0.00,0.00,0.00,0,0,0.00,0.00,0.00,0,0,0.00,0.00,0,0
1567406617,total,6276934.00,6279888.00,12556822.00,6279888,6276934,6071.00,6072.00,12143.00,6072,6071,0.00,0.00,0,0
1567406618,s5,0.00,0.00,0.00,0,0,0.00,0.00,0.00,0,0,0.00,0.00,0,0
1567406618,s1,0.00,0.00,0.00,0,0,0.00,0.00,0.00,0,0,0.00,0.00,0,0
1567406618,eth0,0.00,0.00,0.00,0,0,0.00,0.00,0.00,0,0,0.00,0.00,0,0
1567406618,s2,0.00,0.00,0.00,0,0,0.00,0.00,0.00,0,0,0.00,0.00,0,0
1567406618,s1-eth2,149628.00,6116560.00,6266188.00,6116560,149628,2022.00,4040.00,6062.00,4040,2022,0.00,0.00,0,0
1567406618,s1-eth0,0.00,0.00,0.00,0,0,0.00,0.00,0.00,0,0,0.00,0.00,0,0
1567406618,s1-eth1,6115046.00,149554.00,6264600.00,149554,6115046,4039.00,2021.00,6060.00,2021,4039,0.00,0.00,0,0
1567406618,s2-eth1,0.00,0.00,0.00,0,0,0.00,0.00,0.00,0,0,0.00,0.00,0,0
1567406618,lo,344.00,344.00,688.00,344,344,6.00,6.00,12.00,6,6,0.00,0.00,0,0
1567406618,total,6265018.00,6266458.00,12531476.00,6266458,6265018,6067.00,6067.00,12134.00,6067,6067,0.00,0.00,0,0
1567406619,s5,0.00,0.00,0.00,0,0,0.00,0.00,0.00,0,0,0.00,0.00,0,0
1567406619,s1,0.00,0.00,0.00,0,0,0.00,0.00,0.00,0,0,0.00,0.00,0,0
1567406619,eth0,0.00,0.00,0.00,0,0,0.00,0.00,0.00,0,0,0.00,0.00,0,0
1567406619,s2,0.00,107.00,107.00,107,0,0.00,1.00,1.00,1,0,0.00,0.00,0,0
1567406619,s1-eth2,149735.00,6130186.00,6279921.00,6130186,149735,2023.00,4049.00,6072.00,4049,2023,0.00,0.00,0,0
1567406619,s1-eth0,107.00,107.00,214.00,107,107,1.00,1.00,2.00,1,1,0.00,0.00,0,0
1567406619,s1-eth1,6130293.00,149776.00,6280069.00,149776,6130293,4050.00,2024.00,6074.00,2024,4050,0.00,0.00,0,0
1567406619,s2-eth1,107.00,107.00,214.00,107,107,1.00,1.00,2.00,1,1,0.00,0.00,0,0
1567406619,lo,477.00,477.00,954.00,477,477,6.00,6.00,12.00,6,6,0.00,0.00,0,0
1567406619,total,6280719.00,6280760.00,12561479.00,6280760,6280719,6081.00,6082.00,12163.00,6082,6081,0.00,0.00,0,0
1567406620,s5,0.00,0.00,0.00,0,0,0.00,0.00,0.00,0,0,0.00,0.00,0,0
1567406620,s1,0.00,0.00,0.00,0,0,0.00,0.00,0.00,0,0,0.00,0.00,0,0
1567406620,eth0,0.00,0.00,0.00,0,0,0.00,0.00,0.00,0,0,0.00,0.00,0,0
1567406620,s2,0.00,0.00,0.00,0,0,0.00,0.00,0.00,0,0,0.00,0.00,0,0
1567406620,s1-eth2,150886.00,6174092.00,6324978.00,6174092,150886,2039.00,4078.00,6117.00,4078,2039,0.00,0.00,0,0
1567406620,s1-eth0,0.00,0.00,0.00,0,0,0.00,0.00,0.00,0,0,0.00,0.00,0,0
1567406620,s1-eth1,6172920.00,150812.00,6323732.00,150812,6172920,4078.00,2038.00,6116.00,2038,4078,0.00,0.00,0,0
1567406620,s2-eth1,0.00,0.00,0.00,0,0,0.00,0.00,0.00,0,0,0.00,0.00,0,0
1567406620,lo,0.00,0.00,0.00,0,0,0.00,0.00,0.00,0,0,0.00,0.00,0,0
1567406620,total,6323806.00,6324904.00,12648710.00,6324904,6323806,6117.00,6116.00,12233.00,6116,6117,0.00,0.00,0,0
1567406621,s5,0.00,0.00,0.00,0,0,0.00,0.00,0.00,0,0,0.00,0.00,0,0
1567406621,s1,0.00,0.00,0.00,0,0,0.00,0.00,0.00,0,0,0.00,0.00,0,0
1567406621,eth0,0.00,0.00,0.00,0,0,0.00,0.00,0.00,0,0,0.00,0.00,0,0
1567406621,s2,0.00,0.00,0.00,0,0,0.00,0.00,0.00,0,0,0.00,0.00,0,0
1567406621,s1-eth2,151330.00,6142298.00,6293628.00,6142298,151330,2045.00,4057.00,6102.00,4057,2045,0.00,0.00,0,0
1567406621,s1-eth0,0.00,0.00,0.00,0,0,0.00,0.00,0.00,0,0,0.00,0.00,0,0
1567406621,s1-eth1,6148354.00,151256.00,6299610.00,151256,6148354,4061.00,2044.00,6105.00,2044,4061,0.00,0.00,0,0
1567406621,s2-eth1,0.00,0.00,0.00,0,0,0.00,0.00,0.00,0,0,0.00,0.00,0,0
1567406621,lo,0.00,0.00,0.00,0,0,0.00,0.00,0.00,0,0,0.00,0.00,0,0
1567406621,total,6299684.00,6293554.00,12593238.00,6293554,6299684,6106.00,6101.00,12207.00,6101,6106,0.00,0.00,0,0
1567406622,s5,0.00,0.00,0.00,0,0,0.00,0.00,0.00,0,0,0.00,0.00,0,0
1567406622,s1,0.00,0.00,0.00,0,0,0.00,0.00,0.00,0,0,0.00,0.00,0,0
1567406622,eth0,0.00,0.00,0.00,0,0,0.00,0.00,0.00,0,0,0.00,0.00,0,0
1567406622,s2,0.00,0.00,0.00,0,0,0.00,0.00,0.00,0,0,0.00,0.00,0,0
1567406622,s1-eth2,149850.00,6119588.00,6269438.00,6119588,149850,2025.00,4042.00,6067.00,4042,2025,0.00,0.00,0,0
1567406622,s1-eth0,0.00,342.00,342.00,342,0,0.00,1.00,1.00,1,0,0.00,0.00,0,0
1567406622,s1-eth1,6119588.00,149924.00,6269512.00,149924,6119588,4042.00,2026.00,6068.00,2026,4042,0.00,0.00,0,0
1567406622,s2-eth1,342.00,0.00,342.00,0,342,1.00,0.00,1.00,0,1,0.00,0.00,0,0
1567406622,lo,0.00,0.00,0.00,0,0,0.00,0.00,0.00,0,0,0.00,0.00,0,0
1567406622,total,6269780.00,6269854.00,12539634.00,6269854,6269780,6068.00,6069.00,12137.00,6069,6068,0.00,0.00,0,0
1567406623,s5,0.00,0.00,0.00,0,0,0.00,0.00,0.00,0,0,0.00,0.00,0,0
1567406623,s1,0.00,0.00,0.00,0,0,0.00,0.00,0.00,0,0,0.00,0.00,0,0
1567406623,eth0,0.00,0.00,0.00,0,0,0.00,0.00,0.00,0,0,0.00,0.00,0,0
1567406623,s2,0.00,0.00,0.00,0,0,0.00,0.00,0.00,0,0,0.00,0.00,0,0
1567406623,s1-eth2,150146.00,6146840.00,6296986.00,6146840,150146,2029.00,4060.00,6089.00,4060,2029,0.00,0.00,0,0
1567406623,s1-eth0,0.00,0.00,0.00,0,0,0.00,0.00,0.00,0,0,0.00,0.00,0,0
1567406623,s1-eth1,6142298.00,150146.00,6292444.00,150146,6142298,4057.00,2029.00,6086.00,2029,4057,0.00,0.00,0,0
1567406623,s2-eth1,0.00,0.00,0.00,0,0,0.00,0.00,0.00,0,0,0.00,0.00,0,0
1567406623,lo,172.00,172.00,344.00,172,172,3.00,3.00,6.00,3,3,0.00,0.00,0,0
1567406623,total,6292616.00,6297158.00,12589774.00,6297158,6292616,6089.00,6092.00,12181.00,6092,6089,0.00,0.00,0,0
1567406624,s5,0.00,0.00,0.00,0,0,0.00,0.00,0.00,0,0,0.00,0.00,0,0
1567406624,s1,0.00,0.00,0.00,0,0,0.00,0.00,0.00,0,0,0.00,0.00,0,0
1567406624,eth0,0.00,0.00,0.00,0,0,0.00,0.00,0.00,0,0,0.00,0.00,0,0
1567406624,s2,0.00,0.00,0.00,0,0,0.00,0.00,0.00,0,0,0.00,0.00,0,0
1567406624,s1-eth2,150146.00,6148354.00,6298500.00,6148354,150146,2029.00,4061.00,6090.00,4061,2029,0.00,0.00,0,0
1567406624,s1-eth0,0.00,0.00,0.00,0,0,0.00,0.00,0.00,0,0,0.00,0.00,0,0
1567406624,s1-eth1,6151382.00,150146.00,6301528.00,150146,6151382,4063.00,2029.00,6092.00,2029,4063,0.00,0.00,0,0
1567406624,s2-eth1,0.00,0.00,0.00,0,0,0.00,0.00,0.00,0,0,0.00,0.00,0,0
1567406624,lo,344.00,344.00,688.00,344,344,6.00,6.00,12.00,6,6,0.00,0.00,0,0
1567406624,total,6301872.00,6298844.00,12600716.00,6298844,6301872,6098.00,6096.00,12194.00,6096,6098,0.00,0.00,0,0
1567406625,s5,0.00,0.00,0.00,0,0,0.00,0.00,0.00,0,0,0.00,0.00,0,0
1567406625,s1,0.00,0.00,0.00,0,0,0.00,0.00,0.00,0,0,0.00,0.00,0,0
1567406625,eth0,0.00,0.00,0.00,0,0,0.00,0.00,0.00,0,0,0.00,0.00,0,0
1567406625,s2,0.00,0.00,0.00,0,0,0.00,0.00,0.00,0,0,0.00,0.00,0,0
1567406625,s1-eth2,150590.00,6160466.00,6311056.00,6160466,150590,2035.00,4069.00,6104.00,4069,2035,0.00,0.00,0,0
1567406625,s1-eth0,0.00,0.00,0.00,0,0,0.00,0.00,0.00,0,0,0.00,0.00,0,0
1567406625,s1-eth1,6158952.00,150590.00,6309542.00,150590,6158952,4068.00,2035.00,6103.00,2035,4068,0.00,0.00,0,0
1567406625,s2-eth1,0.00,0.00,0.00,0,0,0.00,0.00,0.00,0,0,0.00,0.00,0,0
1567406625,lo,0.00,0.00,0.00,0,0,0.00,0.00,0.00,0,0,0.00,0.00,0,0
1567406625,total,6309542.00,6311056.00,12620598.00,6311056,6309542,6103.00,6104.00,12207.00,6104,6103,0.00,0.00,0,0
1567406626,s5,0.00,0.00,0.00,0,0,0.00,0.00,0.00,0,0,0.00,0.00,0,0
1567406626,s1,0.00,0.00,0.00,0,0,0.00,0.00,0.00,0,0,0.00,0.00,0,0
1567406626,eth0,0.00,0.00,0.00,0,0,0.00,0.00,0.00,0,0,0.00,0.00,0,0
1567406626,s2,0.00,0.00,0.00,0,0,0.00,0.00,0.00,0,0,0.00,0.00,0,0
1567406626,s1-eth2,149628.00,6116560.00,6266188.00,6116560,149628,2022.00,4040.00,6062.00,4040,2022,0.00,0.00,0,0
1567406626,s1-eth0,0.00,0.00,0.00,0,0,0.00,0.00,0.00,0,0,0.00,0.00,0,0
1567406626,s1-eth1,6116560.00,149628.00,6266188.00,149628,6116560,4040.00,2022.00,6062.00,2022,4040,0.00,0.00,0,0
1567406626,s2-eth1,0.00,0.00,0.00,0,0,0.00,0.00,0.00,0,0,0.00,0.00,0,0
1567406626,lo,0.00,0.00,0.00,0,0,0.00,0.00,0.00,0,0,0.00,0.00,0,0
1567406626,total,6266188.00,6266188.00,12532376.00,6266188,6266188,6062.00,6062.00,12124.00,6062,6062,0.00,0.00,0,0
1567406627,s5,0.00,0.00,0.00,0,0,0.00,0.00,0.00,0,0,0.00,0.00,0,0
1567406627,s1,0.00,0.00,0.00,0,0,0.00,0.00,0.00,0,0,0.00,0.00,0,0
1567406627,eth0,0.00,0.00,0.00,0,0,0.00,0.00,0.00,0,0,0.00,0.00,0,0
1567406627,s2,0.00,0.00,0.00,0,0,0.00,0.00,0.00,0,0,0.00,0.00,0,0
1567406627,s1-eth2,148666.00,6077196.00,6225862.00,6077196,148666,2009.00,4014.00,6023.00,4014,2009,0.00,0.00,0,0
1567406627,s1-eth0,0.00,0.00,0.00,0,0,0.00,0.00,0.00,0,0,0.00,0.00,0,0
1567406627,s1-eth1,6075682.00,148592.00,6224274.00,148592,6075682,4013.00,2008.00,6021.00,2008,4013,0.00,0.00,0,0
1567406627,s2-eth1,0.00,0.00,0.00,0,0,0.00,0.00,0.00,0,0,0.00,0.00,0,0
1567406627,lo,0.00,0.00,0.00,0,0,0.00,0.00,0.00,0,0,0.00,0.00,0,0
1567406627,total,6224348.00,6225788.00,12450136.00,6225788,6224348,6022.00,6022.00,12044.00,6022,6022,0.00,0.00,0,0
1567406628,s5,0.00,0.00,0.00,0,0,0.00,0.00,0.00,0,0,0.00,0.00,0,0
1567406628,s1,0.00,0.00,0.00,0,0,0.00,0.00,0.00,0,0,0.00,0.00,0,0
1567406628,eth0,0.00,0.00,0.00,0,0,0.00,0.00,0.00,0,0,0.00,0.00,0,0
1567406628,s2,0.00,0.00,0.00,0,0,0.00,0.00,0.00,0,0,0.00,0.00,0,0
1567406628,s1-eth2,148962.00,6099906.00,6248868.00,6099906,148962,2013.00,4029.00,6042.00,4029,2013,0.00,0.00,0,0
1567406628,s1-eth0,0.00,0.00,0.00,0,0,0.00,0.00,0.00,0,0,0.00,0.00,0,0
1567406628,s1-eth1,6098392.00,148962.00,6247354.00,148962,6098392,4028.00,2013.00,6041.00,2013,4028,0.00,0.00,0,0
1567406628,s2-eth1,0.00,0.00,0.00,0,0,0.00,0.00,0.00,0,0,0.00,0.00,0,0
1567406628,lo,172.00,172.00,344.00,172,172,3.00,3.00,6.00,3,3,0.00,0.00,0,0
1567406628,total,6247526.00,6249040.00,12496566.00,6249040,6247526,6044.00,6045.00,12089.00,6045,6044,0.00,0.00,0,0
1567406629,s5,0.00,0.00,0.00,0,0,0.00,0.00,0.00,0,0,0.00,0.00,0,0
1567406629,s1,0.00,0.00,0.00,0,0,0.00,0.00,0.00,0,0,0.00,0.00,0,0
1567406629,eth0,0.00,0.00,0.00,0,0,0.00,0.00,0.00,0,0,0.00,0.00,0,0
1567406629,s2,0.00,0.00,0.00,0,0,0.00,0.00,0.00,0,0,0.00,0.00,0,0
1567406629,s1-eth2,150414.00,6143812.00,6294226.00,6143812,150414,2029.00,4058.00,6087.00,4058,2029,0.00,0.00,0,0
1567406629,s1-eth0,0.00,0.00,0.00,0,0,0.00,0.00,0.00,0,0,0.00,0.00,0,0
1567406629,s1-eth1,6146840.00,150220.00,6297060.00,150220,6146840,4060.00,2030.00,6090.00,2030,4060,0.00,0.00,0,0
1567406629,s2-eth1,0.00,0.00,0.00,0,0,0.00,0.00,0.00,0,0,0.00,0.00,0,0
1567406629,lo,344.00,344.00,688.00,344,344,6.00,6.00,12.00,6,6,0.00,0.00,0,0
1567406629,total,6297598.00,6294376.00,12591974.00,6294376,6297598,6095.00,6094.00,12189.00,6094,6095,0.00,0.00,0,0
1567406630,s5,0.00,0.00,0.00,0,0,0.00,0.00,0.00,0,0,0.00,0.00,0,0
1567406630,s1,0.00,0.00,0.00,0,0,0.00,0.00,0.00,0,0,0.00,0.00,0,0
1567406630,eth0,0.00,0.00,0.00,0,0,0.00,0.00,0.00,0,0,0.00,0.00,0,0
1567406630,s2,0.00,0.00,0.00,0,0,0.00,0.00,0.00,0,0,0.00,0.00,0,0
1567406630,s1-eth2,149848.16,6124062.00,6273910.50,6130186,149998,2024.98,4044.96,6069.93,4049,2027,0.00,0.00,0,0
1567406630,s1-eth0,0.00,0.00,0.00,0,0,0.00,0.00,0.00,0,0,0.00,0.00,0,0
1567406630,s1-eth1,6124062.00,149774.23,6273836.50,149924,6130186,4044.96,2023.98,6068.93,2026,4049,0.00,0.00,0,0
1567406630,s2-eth1,0.00,0.00,0.00,0,0,0.00,0.00,0.00,0,0,0.00,0.00,0,0
1567406630,lo,0.00,0.00,0.00,0,0,0.00,0.00,0.00,0,0,0.00,0.00,0,0
1567406630,total,6273910.50,6273836.50,12547747.00,6280110,6280184,6069.93,6068.93,12138.86,6075,6076,0.00,0.00,0,0
1567406631,s5,0.00,0.00,0.00,0,0,0.00,0.00,0.00,0,0,0.00,0.00,0,0
1567406631,s1,0.00,0.00,0.00,0,0,0.00,0.00,0.00,0,0,0.00,0.00,0,0
1567406631,eth0,0.00,0.00,0.00,0,0,0.00,0.00,0.00,0,0,0.00,0.00,0,0
1567406631,s2,0.00,0.00,0.00,0,0,0.00,0.00,0.00,0,0,0.00,0.00,0,0
1567406631,s1-eth2,147778.00,6052972.00,6200750.00,6052972,147778,1997.00,3998.00,5995.00,3998,1997,0.00,0.00,0,0
1567406631,s1-eth0,0.00,0.00,0.00,0,0,0.00,0.00,0.00,0,0,0.00,0.00,0,0
1567406631,s1-eth1,6054486.00,147778.00,6202264.00,147778,6054486,3999.00,1997.00,5996.00,1997,3999,0.00,0.00,0,0
1567406631,s2-eth1,0.00,0.00,0.00,0,0,0.00,0.00,0.00,0,0,0.00,0.00,0,0
1567406631,lo,0.00,0.00,0.00,0,0,0.00,0.00,0.00,0,0,0.00,0.00,0,0
1567406631,total,6202264.00,6200750.00,12403014.00,6200750,6202264,5996.00,5995.00,11991.00,5995,5996,0.00,0.00,0,0
1567406632,s5,0.00,0.00,0.00,0,0,0.00,0.00,0.00,0,0,0.00,0.00,0,0
1567406632,s1,0.00,0.00,0.00,0,0,0.00,0.00,0.00,0,0,0.00,0.00,0,0
1567406632,eth0,0.00,0.00,0.00,0,0,0.00,0.00,0.00,0,0,0.00,0.00,0,0
1567406632,s2,0.00,0.00,0.00,0,0,0.00,0.00,0.00,0,0,0.00,0.00,0,0
1567406632,s1-eth2,146520.00,5995440.00,6141960.00,5995440,146520,1980.00,3960.00,5940.00,3960,1980,0.00,0.00,0,0
1567406632,s1-eth0,0.00,0.00,0.00,0,0,0.00,0.00,0.00,0,0,0.00,0.00,0,0
1567406632,s1-eth1,5986356.00,146446.00,6132802.00,146446,5986356,3954.00,1979.00,5933.00,1979,3954,0.00,0.00,0,0
1567406632,s2-eth1,0.00,0.00,0.00,0,0,0.00,0.00,0.00,0,0,0.00,0.00,0,0
1567406632,lo,0.00,0.00,0.00,0,0,0.00,0.00,0.00,0,0,0.00,0.00,0,0
1567406632,total,6132876.00,6141886.00,12274762.00,6141886,6132876,5934.00,5939.00,11873.00,5939,5934,0.00,0.00,0,0
1567406633,s5,0.00,0.00,0.00,0,0,0.00,0.00,0.00,0,0,0.00,0.00,0,0
1567406633,s1,0.00,0.00,0.00,0,0,0.00,0.00,0.00,0,0,0.00,0.00,0,0
1567406633,eth0,0.00,0.00,0.00,0,0,0.00,0.00,0.00,0,0,0.00,0.00,0,0
1567406633,s2,0.00,0.00,0.00,0,0,0.00,0.00,0.00,0,0,0.00,0.00,0,0
1567406633,s1-eth2,148148.00,6066598.00,6214746.00,6066598,148148,2002.00,4007.00,6009.00,4007,2002,0.00,0.00,0,0
1567406633,s1-eth0,0.00,0.00,0.00,0,0,0.00,0.00,0.00,0,0,0.00,0.00,0,0
1567406633,s1-eth1,6065426.00,148222.00,6213648.00,148222,6065426,4007.00,2003.00,6010.00,2003,4007,0.00,0.00,0,0
1567406633,s2-eth1,0.00,0.00,0.00,0,0,0.00,0.00,0.00,0,0,0.00,0.00,0,0
1567406633,lo,172.00,172.00,344.00,172,172,3.00,3.00,6.00,3,3,0.00,0.00,0,0
1567406633,total,6213746.00,6214992.00,12428738.00,6214992,6213746,6012.00,6013.00,12025.00,6013,6012,0.00,0.00,0,0
1567406634,s5,0.00,0.00,0.00,0,0,0.00,0.00,0.00,0,0,0.00,0.00,0,0
1567406634,s1,0.00,0.00,0.00,0,0,0.00,0.00,0.00,0,0,0.00,0.00,0,0
1567406634,eth0,0.00,0.00,0.00,0,0,0.00,0.00,0.00,0,0,0.00,0.00,0,0
1567406634,s2,0.00,342.00,342.00,342,0,0.00,1.00,1.00,1,0,0.00,0.00,0,0
1567406634,s1-eth2,150738.00,6171064.00,6321802.00,6171064,150738,2037.00,4076.00,6113.00,4076,2037,0.00,0.00,0,0
1567406634,s1-eth0,342.00,0.00,342.00,0,342,1.00,0.00,1.00,0,1,0.00,0.00,0,0
1567406634,s1-eth1,6171064.00,150738.00,6321802.00,150738,6171064,4076.00,2037.00,6113.00,2037,4076,0.00,0.00,0,0
1567406634,s2-eth1,0.00,342.00,342.00,342,0,0.00,1.00,1.00,1,0,0.00,0.00,0,0
1567406634,lo,670.00,670.00,1340.00,670,670,9.00,9.00,18.00,9,9,0.00,0.00,0,0
1567406634,total,6322814.00,6323156.00,12645970.00,6323156,6322814,6123.00,6124.00,12247.00,6124,6123,0.00,0.00,0,0
1567406635,s5,0.00,0.00,0.00,0,0,0.00,0.00,0.00,0,0,0.00,0.00,0,0
1567406635,s1,0.00,0.00,0.00,0,0,0.00,0.00,0.00,0,0,0.00,0.00,0,0
1567406635,eth0,0.00,0.00,0.00,0,0,0.00,0.00,0.00,0,0,0.00,0.00,0,0
1567406635,s2,0.00,107.00,107.00,107,0,0.00,1.00,1.00,1,0,0.00,0.00,0,0
1567406635,s1-eth2,149217.00,6102934.00,6252151.00,6102934,149217,2016.00,4031.00,6047.00,4031,2016,0.00,0.00,0,0
1567406635,s1-eth0,107.00,107.00,214.00,107,107,1.00,1.00,2.00,1,1,0.00,0.00,0,0
1567406635,s1-eth1,6103041.00,149184.00,6252225.00,149184,6103041,4032.00,2016.00,6048.00,2016,4032,0.00,0.00,0,0
1567406635,s2-eth1,107.00,107.00,214.00,107,107,1.00,1.00,2.00,1,1,0.00,0.00,0,0
1567406635,lo,305.00,305.00,610.00,305,305,3.00,3.00,6.00,3,3,0.00,0.00,0,0
1567406635,total,6252777.00,6252744.00,12505521.00,6252744,6252777,6053.00,6053.00,12106.00,6053,6053,0.00,0.00,0,0
1567406636,s5,0.00,0.00,0.00,0,0,0.00,0.00,0.00,0,0,0.00,0.00,0,0
1567406636,s1,0.00,0.00,0.00,0,0,0.00,0.00,0.00,0,0,0.00,0.00,0,0
1567406636,eth0,0.00,0.00,0.00,0,0,0.00,0.00,0.00,0,0,0.00,0.00,0,0
1567406636,s2,0.00,0.00,0.00,0,0,0.00,0.00,0.00,0,0,0.00,0.00,0,0
1567406636,s1-eth2,149480.00,6110504.00,6259984.00,6110504,149480,2020.00,4036.00,6056.00,4036,2020,0.00,0.00,0,0
1567406636,s1-eth0,0.00,0.00,0.00,0,0,0.00,0.00,0.00,0,0,0.00,0.00,0,0
1567406636,s1-eth1,6112018.00,149332.00,6261350.00,149332,6112018,4037.00,2018.00,6055.00,2018,4037,0.00,0.00,0,0
1567406636,s2-eth1,0.00,0.00,0.00,0,0,0.00,0.00,0.00,0,0,0.00,0.00,0,0
1567406636,lo,0.00,0.00,0.00,0,0,0.00,0.00,0.00,0,0,0.00,0.00,0,0
1567406636,total,6261498.00,6259836.00,12521334.00,6259836,6261498,6057.00,6054.00,12111.00,6054,6057,0.00,0.00,0,0
1567406637,s5,0.00,0.00,0.00,0,0,0.00,0.00,0.00,0,0,0.00,0.00,0,0
1567406637,s1,0.00,0.00,0.00,0,0,0.00,0.00,0.00,0,0,0.00,0.00,0,0
1567406637,eth0,0.00,0.00,0.00,0,0,0.00,0.00,0.00,0,0,0.00,0.00,0,0
1567406637,s2,0.00,0.00,0.00,0,0,0.00,0.00,0.00,0,0,0.00,0.00,0,0
1567406637,s1-eth2,148518.00,6083252.00,6231770.00,6083252,148518,2007.00,4018.00,6025.00,4018,2007,0.00,0.00,0,0
1567406637,s1-eth0,0.00,342.00,342.00,342,0,0.00,1.00,1.00,1,0,0.00,0.00,0,0
1567406637,s1-eth1,6083252.00,148592.00,6231844.00,148592,6083252,4018.00,2008.00,6026.00,2008,4018,0.00,0.00,0,0
1567406637,s2-eth1,342.00,0.00,342.00,0,342,1.00,0.00,1.00,0,1,0.00,0.00,0,0
1567406637,lo,0.00,0.00,0.00,0,0,0.00,0.00,0.00,0,0,0.00,0.00,0,0
1567406637,total,6232112.00,6232186.00,12464298.00,6232186,6232112,6026.00,6027.00,12053.00,6027,6026,0.00,0.00,0,0
1567406638,s5,0.00,0.00,0.00,0,0,0.00,0.00,0.00,0,0,0.00,0.00,0,0
1567406638,s1,0.00,0.00,0.00,0,0,0.00,0.00,0.00,0,0,0.00,0.00,0,0
1567406638,eth0,0.00,0.00,0.00,0,0,0.00,0.00,0.00,0,0,0.00,0.00,0,0
1567406638,s2,0.00,0.00,0.00,0,0,0.00,0.00,0.00,0,0,0.00,0.00,0,0
1567406638,s1-eth2,148592.00,6075682.00,6224274.00,6075682,148592,2008.00,4013.00,6021.00,4013,2008,0.00,0.00,0,0
1567406638,s1-eth0,0.00,0.00,0.00,0,0,0.00,0.00,0.00,0,0,0.00,0.00,0,0
1567406638,s1-eth1,6072654.00,148518.00,6221172.00,148518,6072654,4011.00,2007.00,6018.00,2007,4011,0.00,0.00,0,0
1567406638,s2-eth1,0.00,0.00,0.00,0,0,0.00,0.00,0.00,0,0,0.00,0.00,0,0
1567406638,lo,172.00,172.00,344.00,172,172,3.00,3.00,6.00,3,3,0.00,0.00,0,0
1567406638,total,6221418.00,6224372.00,12445790.00,6224372,6221418,6022.00,6023.00,12045.00,6023,6022,0.00,0.00,0,0
1567406639,s5,0.00,0.00,0.00,0,0,0.00,0.00,0.00,0,0,0.00,0.00,0,0
1567406639,s1,0.00,0.00,0.00,0,0,0.00,0.00,0.00,0,0,0.00,0.00,0,0
1567406639,eth0,0.00,0.00,0.00,0,0,0.00,0.00,0.00,0,0,0.00,0.00,0,0
1567406639,s2,0.00,0.00,0.00,0,0,0.00,0.00,0.00,0,0,0.00,0.00,0,0
1567406639,s1-eth2,148222.00,6075682.00,6223904.00,6075682,148222,2003.00,4013.00,6016.00,4013,2003,0.00,0.00,0,0
1567406639,s1-eth0,0.00,0.00,0.00,0,0,0.00,0.00,0.00,0,0,0.00,0.00,0,0
1567406639,s1-eth1,6072654.00,148296.00,6220950.00,148296,6072654,4011.00,2004.00,6015.00,2004,4011,0.00,0.00,0,0
1567406639,s2-eth1,0.00,0.00,0.00,0,0,0.00,0.00,0.00,0,0,0.00,0.00,0,0
1567406639,lo,172.00,172.00,344.00,172,172,3.00,3.00,6.00,3,3,0.00,0.00,0,0
1567406639,total,6221048.00,6224150.00,12445198.00,6224150,6221048,6017.00,6020.00,12037.00,6020,6017,0.00,0.00,0,0
1567406640,s5,0.00,0.00,0.00,0,0,0.00,0.00,0.00,0,0,0.00,0.00,0,0
1567406640,s1,0.00,0.00,0.00,0,0,0.00,0.00,0.00,0,0,0.00,0.00,0,0
1567406640,eth0,0.00,0.00,0.00,0,0,0.00,0.00,0.00,0,0,0.00,0.00,0,0
1567406640,s2,0.00,0.00,0.00,0,0,0.00,0.00,0.00,0,0,0.00,0.00,0,0
1567406640,s1-eth2,149628.00,6105962.00,6255590.00,6105962,149628,2022.00,4033.00,6055.00,4033,2022,0.00,0.00,0,0
1567406640,s1-eth0,0.00,0.00,0.00,0,0,0.00,0.00,0.00,0,0,0.00,0.00,0,0
1567406640,s1-eth1,6107476.00,149332.00,6256808.00,149332,6107476,4034.00,2018.00,6052.00,2018,4034,0.00,0.00,0,0
1567406640,s2-eth1,0.00,0.00,0.00,0,0,0.00,0.00,0.00,0,0,0.00,0.00,0,0
1567406640,lo,172.00,172.00,344.00,172,172,3.00,3.00,6.00,3,3,0.00,0.00,0,0
1567406640,total,6257276.00,6255466.00,12512742.00,6255466,6257276,6059.00,6054.00,12113.00,6054,6059,0.00,0.00,0,0
1567406641,s5,0.00,0.00,0.00,0,0,0.00,0.00,0.00,0,0,0.00,0.00,0,0
1567406641,s1,0.00,0.00,0.00,0,0,0.00,0.00,0.00,0,0,0.00,0.00,0,0
1567406641,eth0,0.00,0.00,0.00,0,0,0.00,0.00,0.00,0,0,0.00,0.00,0,0
1567406641,s2,0.00,342.00,342.00,342,0,0.00,1.00,1.00,1,0,0.00,0.00,0,0
1567406641,s1-eth2,148962.00,6108990.00,6257952.00,6108990,148962,2013.00,4035.00,6048.00,4035,2013,0.00,0.00,0,0
1567406641,s1-eth0,342.00,0.00,342.00,0,342,1.00,0.00,1.00,0,1,0.00,0.00,0,0
1567406641,s1-eth1,6110846.00,149332.00,6260178.00,149332,6110846,4037.00,2018.00,6055.00,2018,4037,0.00,0.00,0,0
1567406641,s2-eth1,0.00,342.00,342.00,342,0,0.00,1.00,1.00,1,0,0.00,0.00,0,0
1567406641,lo,326.00,326.00,652.00,326,326,3.00,3.00,6.00,3,3,0.00,0.00,0,0
1567406641,total,6260476.00,6259332.00,12519808.00,6259332,6260476,6054.00,6058.00,12112.00,6058,6054,0.00,0.00,0,0
1567406642,s5,0.00,0.00,0.00,0,0,0.00,0.00,0.00,0,0,0.00,0.00,0,0
1567406642,s1,0.00,0.00,0.00,0,0,0.00,0.00,0.00,0,0,0.00,0.00,0,0
1567406642,eth0,0.00,0.00,0.00,0,0,0.00,0.00,0.00,0,0,0.00,0.00,0,0
1567406642,s2,0.00,0.00,0.00,0,0,0.00,0.00,0.00,0,0,0.00,0.00,0,0
1567406642,s1-eth2,149776.00,6127158.00,6276934.00,6127158,149776,2024.00,4047.00,6071.00,4047,2024,0.00,0.00,0,0
1567406642,s1-eth0,0.00,0.00,0.00,0,0,0.00,0.00,0.00,0,0,0.00,0.00,0,0
1567406642,s1-eth1,6128672.00,149702.00,6278374.00,149702,6128672,4048.00,2023.00,6071.00,2023,4048,0.00,0.00,0,0
1567406642,s2-eth1,0.00,0.00,0.00,0,0,0.00,0.00,0.00,0,0,0.00,0.00,0,0
1567406642,lo,0.00,0.00,0.00,0,0,0.00,0.00,0.00,0,0,0.00,0.00,0,0
1567406642,total,6278448.00,6276860.00,12555308.00,6276860,6278448,6072.00,6070.00,12142.00,6070,6072,0.00,0.00,0,0
1567406643,s5,0.00,0.00,0.00,0,0,0.00,0.00,0.00,0,0,0.00,0.00,0,0
1567406643,s1,0.00,0.00,0.00,0,0,0.00,0.00,0.00,0,0,0.00,0.00,0,0
1567406643,eth0,0.00,0.00,0.00,0,0,0.00,0.00,0.00,0,0,0.00,0.00,0,0
1567406643,s2,0.00,0.00,0.00,0,0,0.00,0.00,0.00,0,0,0.00,0.00,0,0
1567406643,s1-eth2,149554.00,6122616.00,6272170.00,6122616,149554,2021.00,4044.00,6065.00,4044,2021,0.00,0.00,0,0
1567406643,s1-eth0,0.00,0.00,0.00,0,0,0.00,0.00,0.00,0,0,0.00,0.00,0,0
1567406643,s1-eth1,6121102.00,149628.00,6270730.00,149628,6121102,4043.00,2022.00,6065.00,2022,4043,0.00,0.00,0,0
1567406643,s2-eth1,0.00,0.00,0.00,0,0,0.00,0.00,0.00,0,0,0.00,0.00,0,0
1567406643,lo,172.00,172.00,344.00,172,172,3.00,3.00,6.00,3,3,0.00,0.00,0,0
1567406643,total,6270828.00,6272416.00,12543244.00,6272416,6270828,6067.00,6069.00,12136.00,6069,6067,0.00,0.00,0,0
1567406644,s5,0.00,0.00,0.00,0,0,0.00,0.00,0.00,0,0,0.00,0.00,0,0
1567406644,s1,0.00,0.00,0.00,0,0,0.00,0.00,0.00,0,0,0.00,0.00,0,0
1567406644,eth0,0.00,0.00,0.00,0,0,0.00,0.00,0.00,0,0,0.00,0.00,0,0
1567406644,s2,0.00,0.00,0.00,0,0,0.00,0.00,0.00,0,0,0.00,0.00,0,0
1567406644,s1-eth2,150118.00,6125644.00,6275762.00,6125644,150118,2025.00,4046.00,6071.00,4046,2025,0.00,0.00,0,0
1567406644,s1-eth0,0.00,0.00,0.00,0,0,0.00,0.00,0.00,0,0,0.00,0.00,0,0
1567406644,s1-eth1,6124130.00,149628.00,6273758.00,149628,6124130,4045.00,2022.00,6067.00,2022,4045,0.00,0.00,0,0
1567406644,s2-eth1,0.00,0.00,0.00,0,0,0.00,0.00,0.00,0,0,0.00,0.00,0,0
1567406644,lo,172.00,172.00,344.00,172,172,3.00,3.00,6.00,3,3,0.00,0.00,0,0
1567406644,total,6274420.00,6275444.00,12549864.00,6275444,6274420,6073.00,6071.00,12144.00,6071,6073,0.00,0.00,0,0
1567406645,s5,0.00,0.00,0.00,0,0,0.00,0.00,0.00,0,0,0.00,0.00,0,0
1567406645,s1,0.00,0.00,0.00,0,0,0.00,0.00,0.00,0,0,0.00,0.00,0,0
1567406645,eth0,0.00,0.00,0.00,0,0,0.00,0.00,0.00,0,0,0.00,0.00,0,0
1567406645,s2,0.00,0.00,0.00,0,0,0.00,0.00,0.00,0,0,0.00,0.00,0,0
1567406645,s1-eth2,149036.00,6104448.00,6253484.00,6104448,149036,2014.00,4032.00,6046.00,4032,2014,0.00,0.00,0,0
1567406645,s1-eth0,0.00,0.00,0.00,0,0,0.00,0.00,0.00,0,0,0.00,0.00,0,0
1567406645,s1-eth1,6102934.00,149184.00,6252118.00,149184,6102934,4031.00,2016.00,6047.00,2016,4031,0.00,0.00,0,0
1567406645,s2-eth1,0.00,0.00,0.00,0,0,0.00,0.00,0.00,0,0,0.00,0.00,0,0
1567406645,lo,0.00,0.00,0.00,0,0,0.00,0.00,0.00,0,0,0.00,0.00,0,0
1567406645,total,6251970.00,6253632.00,12505602.00,6253632,6251970,6045.00,6048.00,12093.00,6048,6045,0.00,0.00,0,0
1567406646,s5,0.00,0.00,0.00,0,0,0.00,0.00,0.00,0,0,0.00,0.00,0,0
1567406646,s1,0.00,0.00,0.00,0,0,0.00,0.00,0.00,0,0,0.00,0.00,0,0
1567406646,eth0,0.00,0.00,0.00,0,0,0.00,0.00,0.00,0,0,0.00,0.00,0,0
1567406646,s2,0.00,0.00,0.00,0,0,0.00,0.00,0.00,0,0,0.00,0.00,0,0
1567406646,s1-eth2,148148.00,6057514.00,6205662.00,6057514,148148,2002.00,4001.00,6003.00,4001,2002,0.00,0.00,0,0
1567406646,s1-eth0,0.00,0.00,0.00,0,0,0.00,0.00,0.00,0,0,0.00,0.00,0,0
1567406646,s1-eth1,6057514.00,148074.00,6205588.00,148074,6057514,4001.00,2001.00,6002.00,2001,4001,0.00,0.00,0,0
1567406646,s2-eth1,0.00,0.00,0.00,0,0,0.00,0.00,0.00,0,0,0.00,0.00,0,0
1567406646,lo,172.00,172.00,344.00,172,172,3.00,3.00,6.00,3,3,0.00,0.00,0,0
1567406646,total,6205834.00,6205760.00,12411594.00,6205760,6205834,6006.00,6005.00,12011.00,6005,6006,0.00,0.00,0,0
1567406647,s5,0.00,0.00,0.00,0,0,0.00,0.00,0.00,0,0,0.00,0.00,0,0
1567406647,s1,0.00,0.00,0.00,0,0,0.00,0.00,0.00,0,0,0.00,0.00,0,0
1567406647,eth0,0.00,0.00,0.00,0,0,0.00,0.00,0.00,0,0,0.00,0.00,0,0
1567406647,s2,0.00,0.00,0.00,0,0,0.00,0.00,0.00,0,0,0.00,0.00,0,0
1567406647,s1-eth2,148338.00,6065084.00,6213422.00,6065084,148338,2005.00,4006.00,6011.00,4006,2005,0.00,0.00,0,0
1567406647,s1-eth0,0.00,0.00,0.00,0,0,0.00,0.00,0.00,0,0,0.00,0.00,0,0
1567406647,s1-eth1,6063570.00,148412.00,6211982.00,148412,6063570,4005.00,2006.00,6011.00,2006,4005,0.00,0.00,0,0
1567406647,s2-eth1,0.00,0.00,0.00,0,0,0.00,0.00,0.00,0,0,0.00,0.00,0,0
1567406647,lo,296.00,296.00,592.00,296,296,3.00,3.00,6.00,3,3,0.00,0.00,0,0
1567406647,total,6212204.00,6213792.00,12425996.00,6213792,6212204,6013.00,6015.00,12028.00,6015,6013,0.00,0.00,0,0
1567406648,s5,0.00,0.00,0.00,0,0,0.00,0.00,0.00,0,0,0.00,0.00,0,0
1567406648,s1,0.00,0.00,0.00,0,0,0.00,0.00,0.00,0,0,0.00,0.00,0,0
1567406648,eth0,0.00,0.00,0.00,0,0,0.00,0.00,0.00,0,0,0.00,0.00,0,0
1567406648,s2,0.00,0.00,0.00,0,0,0.00,0.00,0.00,0,0,0.00,0.00,0,0
1567406648,s1-eth2,146002.00,5977314.00,6123316.00,5977314,146002,1973.00,3949.00,5922.00,3949,1973,0.00,0.00,0,0
1567406648,s1-eth0,0.00,0.00,0.00,0,0,0.00,0.00,0.00,0,0,0.00,0.00,0,0
1567406648,s1-eth1,5984884.00,146002.00,6130886.00,146002,5984884,3954.00,1973.00,5927.00,1973,3954,0.00,0.00,0,0
1567406648,s2-eth1,0.00,0.00,0.00,0,0,0.00,0.00,0.00,0,0,0.00,0.00,0,0
1567406648,lo,0.00,0.00,0.00,0,0,0.00,0.00,0.00,0,0,0.00,0.00,0,0
1567406648,total,6130886.00,6123316.00,12254202.00,6123316,6130886,5927.00,5922.00,11849.00,5922,5927,0.00,0.00,0,0
1567406649,s5,0.00,0.00,0.00,0,0,0.00,0.00,0.00,0,0,0.00,0.00,0,0
1567406649,s1,0.00,0.00,0.00,0,0,0.00,0.00,0.00,0,0,0.00,0.00,0,0
1567406649,eth0,0.00,0.00,0.00,0,0,0.00,0.00,0.00,0,0,0.00,0.00,0,0
1567406649,s2,0.00,0.00,0.00,0,0,0.00,0.00,0.00,0,0,0.00,0.00,0,0
1567406649,s1-eth2,150368.00,6142298.00,6292666.00,6142298,150368,2032.00,4057.00,6089.00,4057,2032,0.00,0.00,0,0
1567406649,s1-eth0,0.00,0.00,0.00,0,0,0.00,0.00,0.00,0,0,0.00,0.00,0,0
1567406649,s1-eth1,6142298.00,150368.00,6292666.00,150368,6142298,4057.00,2032.00,6089.00,2032,4057,0.00,0.00,0,0
1567406649,s2-eth1,0.00,0.00,0.00,0,0,0.00,0.00,0.00,0,0,0.00,0.00,0,0
1567406649,lo,172.00,172.00,344.00,172,172,3.00,3.00,6.00,3,3,0.00,0.00,0,0
1567406649,total,6292838.00,6292838.00,12585676.00,6292838,6292838,6092.00,6092.00,12184.00,6092,6092,0.00,0.00,0,0
1567406650,s5,0.00,0.00,0.00,0,0,0.00,0.00,0.00,0,0,0.00,0.00,0,0
1567406650,s1,0.00,0.00,0.00,0,0,0.00,0.00,0.00,0,0,0.00,0.00,0,0
1567406650,eth0,0.00,0.00,0.00,0,0,0.00,0.00,0.00,0,0,0.00,0.00,0,0
1567406650,s2,0.00,0.00,0.00,0,0,0.00,0.00,0.00,0,0,0.00,0.00,0,0
1567406650,s1-eth2,149998.00,6140784.00,6290782.00,6140784,149998,2027.00,4056.00,6083.00,4056,2027,0.00,0.00,0,0
1567406650,s1-eth0,0.00,0.00,0.00,0,0,0.00,0.00,0.00,0,0,0.00,0.00,0,0
1567406650,s1-eth1,6139270.00,149998.00,6289268.00,149998,6139270,4055.00,2027.00,6082.00,2027,4055,0.00,0.00,0,0
1567406650,s2-eth1,0.00,0.00,0.00,0,0,0.00,0.00,0.00,0,0,0.00,0.00,0,0
1567406650,lo,0.00,0.00,0.00,0,0,0.00,0.00,0.00,0,0,0.00,0.00,0,0
1567406650,total,6289268.00,6290782.00,12580050.00,6290782,6289268,6082.00,6083.00,12165.00,6083,6082,0.00,0.00,0,0
1567406651,s5,0.00,0.00,0.00,0,0,0.00,0.00,0.00,0,0,0.00,0.00,0,0
1567406651,s1,0.00,0.00,0.00,0,0,0.00,0.00,0.00,0,0,0.00,0.00,0,0
1567406651,eth0,516.00,598.00,1114.00,598,516,6.00,5.00,11.00,5,6,0.00,0.00,0,0
1567406651,s2,0.00,640.00,640.00,640,0,0.00,4.00,4.00,4,0,0.00,0.00,0,0
1567406651,s1-eth2,137762.00,5600286.00,5738048.00,5600286,137762,1857.00,3699.00,5556.00,3699,1857,0.00,0.00,0,0
1567406651,s1-eth0,640.00,562.00,1202.00,562,640,4.00,3.00,7.00,3,4,0.00,0.00,0,0
1567406651,s1-eth1,5606982.00,137048.00,5744030.00,137048,5606982,3707.00,1852.00,5559.00,1852,3707,0.00,0.00,0,0
1567406651,s2-eth1,562.00,640.00,1202.00,640,562,3.00,4.00,7.00,4,3,0.00,0.00,0,0
1567406651,lo,2072.00,2072.00,4144.00,2072,2072,23.00,23.00,46.00,23,23,0.00,0.00,0,0
1567406651,total,5748534.00,5741846.00,11490380.00,5741846,5748534,5600.00,5590.00,11190.00,5590,5600,0.00,0.00,0,0
1567406652,s5,0.00,0.00,0.00,0,0,0.00,0.00,0.00,0,0,0.00,0.00,0,0
1567406652,s1,0.00,0.00,0.00,0,0,0.00,0.00,0.00,0,0,0.00,0.00,0,0
1567406652,eth0,608.00,980.00,1588.00,980,608,8.00,8.00,16.00,8,8,0.00,0.00,0,0
1567406652,s2,0.00,1089.00,1089.00,1089,0,0.00,8.00,8.00,8,0,0.00,0.00,0,0
1567406652,s1-eth2,148579.00,6065084.00,6213663.00,6065084,148579,2007.00,4006.00,6013.00,4006,2007,0.00,0.00,0,0
1567406652,s1-eth0,1089.00,78.00,1167.00,78,1089,8.00,1.00,9.00,1,8,0.00,0.00,0,0
1567406652,s1-eth1,6063820.00,148148.00,6211968.00,148148,6063820,4008.00,2002.00,6010.00,2002,4008,0.00,0.00,0,0
1567406652,s2-eth1,78.00,1089.00,1167.00,1089,78,1.00,8.00,9.00,8,1,0.00,0.00,0,0
1567406652,lo,3933.00,3933.00,7866.00,3933,3933,43.00,43.00,86.00,43,43,0.00,0.00,0,0
1567406652,total,6218107.00,6220401.00,12438508.00,6220401,6218107,6075.00,6076.00,12151.00,6076,6075,0.00,0.00,0,0
1567406653,s5,0.00,0.00,0.00,0,0,0.00,0.00,0.00,0,0,0.00,0.00,0,0
1567406653,s1,0.00,0.00,0.00,0,0,0.00,0.00,0.00,0,0,0.00,0.00,0,0
1567406653,eth0,152.00,245.00,397.00,245,152,2.00,2.00,4.00,2,2,0.00,0.00,0,0
1567406653,s2,0.00,1124.00,1124.00,1124,0,0.00,4.00,4.00,4,0,0.00,0.00,0,0
1567406653,s1-eth2,150892.00,6096878.00,6247770.00,6096878,150892,2022.00,4027.00,6049.00,4027,2022,0.00,0.00,0,0
1567406653,s1-eth0,1124.00,1779.00,2903.00,1779,1124,4.00,10.00,14.00,10,4,0.00,0.00,0,0
1567406653,s1-eth1,6094192.00,149036.00,6243228.00,149036,6094192,4032.00,2014.00,6046.00,2014,4032,0.00,0.00,0,0
1567406653,s2-eth1,1779.00,1124.00,2903.00,1124,1779,10.00,4.00,14.00,4,10,0.00,0.00,0,0
1567406653,lo,1624.00,1624.00,3248.00,1624,1624,16.00,16.00,32.00,16,16,0.00,0.00,0,0
1567406653,total,6249763.00,6251810.00,12501573.00,6251810,6249763,6086.00,6077.00,12163.00,6077,6086,0.00,0.00,0,0
1567406654,s5,0.00,0.00,0.00,0,0,0.00,0.00,0.00,0,0,0.00,0.00,0,0
1567406654,s1,0.00,0.00,0.00,0,0,0.00,0.00,0.00,0,0,0.00,0.00,0,0
1567406654,eth0,152.00,245.00,397.00,245,152,2.00,2.00,4.00,2,2,0.00,0.00,0,0
1567406654,s2,0.00,936.00,936.00,936,0,0.00,3.00,3.00,3,0,0.00,0.00,0,0
1567406654,s1-eth2,148492.00,6048430.00,6196922.00,6048430,148492,1997.00,3995.00,5992.00,3995,1997,0.00,0.00,0,0
1567406654,s1-eth0,936.00,1043.00,1979.00,1043,936,3.00,4.00,7.00,4,3,0.00,0.00,0,0
1567406654,s1-eth1,6049146.00,147704.00,6196850.00,147704,6049146,3998.00,1996.00,5994.00,1996,3998,0.00,0.00,0,0
1567406654,s2-eth1,1043.00,936.00,1979.00,936,1043,4.00,3.00,7.00,3,4,0.00,0.00,0,0
1567406654,lo,1491.00,1491.00,2982.00,1491,1491,16.00,16.00,32.00,16,16,0.00,0.00,0,0
1567406654,total,6201260.00,6200785.00,12402045.00,6200785,6201260,6020.00,6019.00,12039.00,6019,6020,0.00,0.00,0,0
1567406655,s5,0.00,0.00,0.00,0,0,0.00,0.00,0.00,0,0,0.00,0.00,0,0
1567406655,s1,0.00,0.00,0.00,0,0,0.00,0.00,0.00,0,0,0.00,0.00,0,0
1567406655,eth0,0.00,0.00,0.00,0,0,0.00,0.00,0.00,0,0,0.00,0.00,0,0
1567406655,s2,0.00,107.00,107.00,107,0,0.00,1.00,1.00,1,0,0.00,0.00,0,0
1567406655,s1-eth2,149513.00,6107476.00,6256989.00,6107476,149513,2020.00,4034.00,6054.00,4034,2020,0.00,0.00,0,0
1567406655,s1-eth0,107.00,327.00,434.00,327,107,1.00,1.00,2.00,1,1,0.00,0.00,0,0
1567406655,s1-eth1,6103261.00,149258.00,6252519.00,149258,6103261,4032.00,2017.00,6049.00,2017,4032,0.00,0.00,0,0
1567406655,s2-eth1,327.00,107.00,434.00,107,327,1.00,1.00,2.00,1,1,0.00,0.00,0,0
1567406655,lo,305.00,305.00,610.00,305,305,3.00,3.00,6.00,3,3,0.00,0.00,0,0
1567406655,total,6253513.00,6257580.00,12511093.00,6257580,6253513,6057.00,6057.00,12114.00,6057,6057,0.00,0.00,0,0
1567406656,s5,0.00,0.00,0.00,0,0,0.00,0.00,0.00,0,0,0.00,0.00,0,0
1567406656,s1,0.00,0.00,0.00,0,0,0.00,0.00,0.00,0,0,0.00,0.00,0,0
1567406656,eth0,60.00,60.00,120.00,60,60,1.00,1.00,2.00,1,1,0.00,0.00,0,0
1567406656,s2,0.00,664.00,664.00,664,0,0.00,3.00,3.00,3,0,0.00,0.00,0,0
1567406656,s1-eth2,148263.00,6054486.00,6202749.00,6054486,148263,2001.00,3999.00,6000.00,3999,2001,0.00,0.00,0,0
1567406656,s1-eth0,664.00,716.00,1380.00,716,664,3.00,3.00,6.00,3,3,0.00,0.00,0,0
1567406656,s1-eth1,6057958.00,147926.00,6205884.00,147926,6057958,4004.00,1999.00,6003.00,1999,4004,0.00,0.00,0,0
1567406656,s2-eth1,716.00,664.00,1380.00,664,716,3.00,3.00,6.00,3,3,0.00,0.00,0,0
1567406656,lo,920.00,920.00,1840.00,920,920,9.00,9.00,18.00,9,9,0.00,0.00,0,0
1567406656,total,6208581.00,6205436.00,12414017.00,6205436,6208581,6021.00,6017.00,12038.00,6017,6021,0.00,0.00,0,0
1567406657,s5,0.00,0.00,0.00,0,0,0.00,0.00,0.00,0,0,0.00,0.00,0,0
1567406657,s1,0.00,0.00,0.00,0,0,0.00,0.00,0.00,0,0,0.00,0.00,0,0
1567406657,eth0,0.00,0.00,0.00,0,0,0.00,0.00,0.00,0,0,0.00,0.00,0,0
1567406657,s2,0.00,0.00,0.00,0,0,0.00,0.00,0.00,0,0,0.00,0.00,0,0
1567406657,s1-eth2,148993.00,6086280.00,6235273.00,6086280,148993,2010.00,4020.00,6030.00,4020,2010,0.00,0.00,0,0
1567406657,s1-eth0,0.00,397.00,397.00,397,0,0.00,2.00,2.00,2,0,0.00,0.00,0,0
1567406657,s1-eth1,6089977.00,148814.00,6238791.00,148814,6089977,4024.00,2011.00,6035.00,2011,4024,0.00,0.00,0,0
1567406657,s2-eth1,397.00,0.00,397.00,0,397,2.00,0.00,2.00,0,2,0.00,0.00,0,0
1567406657,lo,172.00,172.00,344.00,172,172,3.00,3.00,6.00,3,3,0.00,0.00,0,0
1567406657,total,6239539.00,6235663.00,12475202.00,6235663,6239539,6039.00,6036.00,12075.00,6036,6039,0.00,0.00,0,0
1567406658,s5,0.00,0.00,0.00,0,0,0.00,0.00,0.00,0,0,0.00,0.00,0,0
1567406658,s1,0.00,0.00,0.00,0,0,0.00,0.00,0.00,0,0,0.00,0.00,0,0
1567406658,eth0,0.00,0.00,0.00,0,0,0.00,0.00,0.00,0,0,0.00,0.00,0,0
1567406658,s2,0.00,0.00,0.00,0,0,0.00,0.00,0.00,0,0,0.00,0.00,0,0
1567406658,s1-eth2,150340.00,6134728.00,6285068.00,6134728,150340,2028.00,4052.00,6080.00,4052,2028,0.00,0.00,0,0
1567406658,s1-eth0,0.00,0.00,0.00,0,0,0.00,0.00,0.00,0,0,0.00,0.00,0,0
1567406658,s1-eth1,6134728.00,149850.00,6284578.00,149850,6134728,4052.00,2025.00,6077.00,2025,4052,0.00,0.00,0,0
1567406658,s2-eth1,0.00,0.00,0.00,0,0,0.00,0.00,0.00,0,0,0.00,0.00,0,0
1567406658,lo,0.00,0.00,0.00,0,0,0.00,0.00,0.00,0,0,0.00,0.00,0,0
1567406658,total,6285068.00,6284578.00,12569646.00,6284578,6285068,6080.00,6077.00,12157.00,6077,6080,0.00,0.00,0,0
1567406659,s5,0.00,0.00,0.00,0,0,0.00,0.00,0.00,0,0,0.00,0.00,0,0
1567406659,s1,0.00,0.00,0.00,0,0,0.00,0.00,0.00,0,0,0.00,0.00,0,0
1567406659,eth0,0.00,0.00,0.00,0,0,0.00,0.00,0.00,0,0,0.00,0.00,0,0
1567406659,s2,0.00,107.00,107.00,107,0,0.00,1.00,1.00,1,0,0.00,0.00,0,0
1567406659,s1-eth2,148329.00,6062056.00,6210385.00,6062056,148329,2004.00,4004.00,6008.00,4004,2004,0.00,0.00,0,0
1567406659,s1-eth0,107.00,0.00,107.00,0,107,1.00,0.00,1.00,0,1,0.00,0.00,0,0
1567406659,s1-eth1,6062056.00,148222.00,6210278.00,148222,6062056,4004.00,2003.00,6007.00,2003,4004,0.00,0.00,0,0
1567406659,s2-eth1,0.00,107.00,107.00,107,0,0.00,1.00,1.00,1,0,0.00,0.00,0,0
1567406659,lo,477.00,477.00,954.00,477,477,6.00,6.00,12.00,6,6,0.00,0.00,0,0
1567406659,total,6210969.00,6210969.00,12421938.00,6210969,6210969,6015.00,6015.00,12030.00,6015,6015,0.00,0.00,0,0
1567406660,s5,0.00,0.00,0.00,0,0,0.00,0.00,0.00,0,0,0.00,0.00,0,0
1567406660,s1,0.00,0.00,0.00,0,0,0.00,0.00,0.00,0,0,0.00,0.00,0,0
1567406660,eth0,0.00,0.00,0.00,0,0,0.00,0.00,0.00,0,0,0.00,0.00,0,0
1567406660,s2,0.00,411.59,411.59,412,0,0.00,2.00,2.00,2,0,0.00,0.00,0,0
1567406660,s1-eth2,148661.34,6084737.50,6233399.00,6090822,148810,2008.99,4018.98,6027.97,4023,2011,0.00,0.00,0,0
1567406660,s1-eth0,411.59,106.89,518.48,107,412,2.00,1.00,3.00,1,2,0.00,0.00,0,0
1567406660,s1-eth1,6086426.50,148813.19,6235240.00,148962,6092513,4021.98,2010.99,6032.97,2013,4026,0.00,0.00,0,0
1567406660,s2-eth1,106.89,411.59,518.48,412,107,1.00,2.00,3.00,2,1,0.00,0.00,0,0
1567406660,lo,593.41,593.41,1186.81,594,594,5.99,5.99,11.99,6,6,0.00,0.00,0,0
1567406660,total,6236200.00,6235074.00,12471274.00,6241309,6242436,6039.96,6040.96,12080.92,6047,6046,0.00,0.00,0,0
1567406661,s5,0.00,0.00,0.00,0,0,0.00,0.00,0.00,0,0,0.00,0.00,0,0
1567406661,s1,0.00,0.00,0.00,0,0,0.00,0.00,0.00,0,0,0.00,0.00,0,0
1567406661,eth0,0.00,0.00,0.00,0,0,0.00,0.00,0.00,0,0,0.00,0.00,0,0
1567406661,s2,0.00,0.00,0.00,0,0,0.00,0.00,0.00,0,0,0.00,0.00,0,0
1567406661,s1-eth2,145928.00,5974244.00,6120172.00,5974244,145928,1972.00,3946.00,5918.00,3946,1972,0.00,0.00,0,0
1567406661,s1-eth0,0.00,412.00,412.00,412,0,0.00,2.00,2.00,2,0,0.00,0.00,0,0
1567406661,s1-eth1,5966674.00,145780.00,6112454.00,145780,5966674,3941.00,1970.00,5911.00,1970,3941,0.00,0.00,0,0
1567406661,s2-eth1,412.00,0.00,412.00,0,412,2.00,0.00,2.00,0,2,0.00,0.00,0,0
1567406661,lo,0.00,0.00,0.00,0,0,0.00,0.00,0.00,0,0,0.00,0.00,0,0
1567406661,total,6113014.00,6120436.00,12233450.00,6120436,6113014,5915.00,5918.00,11833.00,5918,5915,0.00,0.00,0,0
1567406662,s5,0.00,0.00,0.00,0,0,0.00,0.00,0.00,0,0,0.00,0.00,0,0
1567406662,s1,0.00,0.00,0.00,0,0,0.00,0.00,0.00,0,0,0.00,0.00,0,0
1567406662,eth0,0.00,0.00,0.00,0,0,0.00,0.00,0.00,0,0,0.00,0.00,0,0
1567406662,s2,0.00,0.00,0.00,0,0,0.00,0.00,0.00,0,0,0.00,0.00,0,0
1567406662,s1-eth2,148592.00,6089308.00,6237900.00,6089308,148592,2008.00,4022.00,6030.00,4022,2008,0.00,0.00,0,0
1567406662,s1-eth0,0.00,0.00,0.00,0,0,0.00,0.00,0.00,0,0,0.00,0.00,0,0
1567406662,s1-eth1,6084766.00,148666.00,6233432.00,148666,6084766,4019.00,2009.00,6028.00,2009,4019,0.00,0.00,0,0
1567406662,s2-eth1,0.00,0.00,0.00,0,0,0.00,0.00,0.00,0,0,0.00,0.00,0,0
1567406662,lo,172.00,172.00,344.00,172,172,3.00,3.00,6.00,3,3,0.00,0.00,0,0
1567406662,total,6233530.00,6238146.00,12471676.00,6238146,6233530,6030.00,6034.00,12064.00,6034,6030,0.00,0.00,0,0
1567406663,s5,0.00,0.00,0.00,0,0,0.00,0.00,0.00,0,0,0.00,0.00,0,0
1567406663,s1,0.00,0.00,0.00,0,0,0.00,0.00,0.00,0,0,0.00,0.00,0,0
1567406663,eth0,0.00,0.00,0.00,0,0,0.00,0.00,0.00,0,0,0.00,0.00,0,0
1567406663,s2,0.00,0.00,0.00,0,0,0.00,0.00,0.00,0,0,0.00,0.00,0,0
1567406663,s1-eth2,148518.00,6074168.00,6222686.00,6074168,148518,2007.00,4012.00,6019.00,4012,2007,0.00,0.00,0,0
1567406663,s1-eth0,0.00,0.00,0.00,0,0,0.00,0.00,0.00,0,0,0.00,0.00,0,0
1567406663,s1-eth1,6075682.00,148444.00,6224126.00,148444,6075682,4013.00,2006.00,6019.00,2006,4013,0.00,0.00,0,0
1567406663,s2-eth1,0.00,0.00,0.00,0,0,0.00,0.00,0.00,0,0,0.00,0.00,0,0
1567406663,lo,0.00,0.00,0.00,0,0,0.00,0.00,0.00,0,0,0.00,0.00,0,0
1567406663,total,6224200.00,6222612.00,12446812.00,6222612,6224200,6020.00,6018.00,12038.00,6018,6020,0.00,0.00,0,0
1567406664,s5,0.00,0.00,0.00,0,0,0.00,0.00,0.00,0,0,0.00,0.00,0,0
1567406664,s1,0.00,0.00,0.00,0,0,0.00,0.00,0.00,0,0,0.00,0.00,0,0
1567406664,eth0,0.00,0.00,0.00,0,0,0.00,0.00,0.00,0,0,0.00,0.00,0,0
1567406664,s2,0.00,0.00,0.00,0,0,0.00,0.00,0.00,0,0,0.00,0.00,0,0
1567406664,s1-eth2,39528.00,1392474.00,1432002.00,1392474,39528,534.00,923.00,1457.00,923,534,0.00,0.00,0,0
1567406664,s1-eth0,0.00,0.00,0.00,0,0,0.00,0.00,0.00,0,0,0.00,0.00,0,0
1567406664,s1-eth1,1476086.00,38048.00,1514134.00,38048,1476086,979.00,514.00,1493.00,514,979,0.00,0.00,0,0
1567406664,s2-eth1,0.00,0.00,0.00,0,0,0.00,0.00,0.00,0,0,0.00,0.00,0,0
1567406664,lo,172.00,172.00,344.00,172,172,3.00,3.00,6.00,3,3,0.00,0.00,0,0
1567406664,total,1515786.00,1430694.00,2946480.00,1430694,1515786,1516.00,1440.00,2956.00,1440,1516,0.00,0.00,0,0
1567406665,s5,0.00,0.00,0.00,0,0,0.00,0.00,0.00,0,0,0.00,0.00,0,0
1567406665,s1,0.00,0.00,0.00,0,0,0.00,0.00,0.00,0,0,0.00,0.00,0,0
1567406665,eth0,0.00,0.00,0.00,0,0,0.00,0.00,0.00,0,0,0.00,0.00,0,0
1567406665,s2,0.00,0.00,0.00,0,0,0.00,0.00,0.00,0,0,0.00,0.00,0,0
1567406665,s1-eth2,0.00,0.00,0.00,0,0,0.00,0.00,0.00,0,0,0.00,0.00,0,0
1567406665,s1-eth0,0.00,0.00,0.00,0,0,0.00,0.00,0.00,0,0,0.00,0.00,0,0
1567406665,s1-eth1,0.00,0.00,0.00,0,0,0.00,0.00,0.00,0,0,0.00,0.00,0,0
1567406665,s2-eth1,0.00,0.00,0.00,0,0,0.00,0.00,0.00,0,0,0.00,0.00,0,0
1567406665,lo,172.00,172.00,344.00,172,172,3.00,3.00,6.00,3,3,0.00,0.00,0,0
1567406665,total,172.00,172.00,344.00,172,172,3.00,3.00,6.00,3,3,0.00,0.00,0,0
1567406666,s5,0.00,0.00,0.00,0,0,0.00,0.00,0.00,0,0,0.00,0.00,0,0
1567406666,s1,0.00,0.00,0.00,0,0,0.00,0.00,0.00,0,0,0.00,0.00,0,0
1567406666,eth0,0.00,0.00,0.00,0,0,0.00,0.00,0.00,0,0,0.00,0.00,0,0
1567406666,s2,0.00,0.00,0.00,0,0,0.00,0.00,0.00,0,0,0.00,0.00,0,0
1567406666,s1-eth2,0.00,0.00,0.00,0,0,0.00,0.00,0.00,0,0,0.00,0.00,0,0
1567406666,s1-eth0,0.00,0.00,0.00,0,0,0.00,0.00,0.00,0,0,0.00,0.00,0,0
1567406666,s1-eth1,0.00,0.00,0.00,0,0,0.00,0.00,0.00,0,0,0.00,0.00,0,0
1567406666,s2-eth1,0.00,0.00,0.00,0,0,0.00,0.00,0.00,0,0,0.00,0.00,0,0
1567406666,lo,0.00,0.00,0.00,0,0,0.00,0.00,0.00,0,0,0.00,0.00,0,0
1567406666,total,0.00,0.00,0.00,0,0,0.00,0.00,0.00,0,0,0.00,0.00,0,0
1567406667,s5,0.00,0.00,0.00,0,0,0.00,0.00,0.00,0,0,0.00,0.00,0,0
1567406667,s1,0.00,0.00,0.00,0,0,0.00,0.00,0.00,0,0,0.00,0.00,0,0
1567406667,eth0,0.00,0.00,0.00,0,0,0.00,0.00,0.00,0,0,0.00,0.00,0,0
1567406667,s2,0.00,449.00,449.00,449,0,0.00,2.00,2.00,2,0,0.00,0.00,0,0
1567406667,s1-eth2,107.00,0.00,107.00,0,107,1.00,0.00,1.00,0,1,0.00,0.00,0,0
1567406667,s1-eth0,449.00,0.00,449.00,0,449,2.00,0.00,2.00,0,2,0.00,0.00,0,0
1567406667,s1-eth1,0.00,0.00,0.00,0,0,0.00,0.00,0.00,0,0,0.00,0.00,0,0
1567406667,s2-eth1,0.00,449.00,449.00,449,0,0.00,2.00,2.00,2,0,0.00,0.00,0,0
1567406667,lo,803.00,803.00,1606.00,803,803,9.00,9.00,18.00,9,9,0.00,0.00,0,0
1567406667,total,1359.00,1701.00,3060.00,1701,1359,12.00,13.00,25.00,13,12,0.00,0.00,0,0
1567406668,s5,0.00,0.00,0.00,0,0,0.00,0.00,0.00,0,0,0.00,0.00,0,0
1567406668,s1,0.00,0.00,0.00,0,0,0.00,0.00,0.00,0,0,0.00,0.00,0,0
1567406668,eth0,0.00,0.00,0.00,0,0,0.00,0.00,0.00,0,0,0.00,0.00,0,0
1567406668,s2,0.00,0.00,0.00,0,0,0.00,0.00,0.00