1567146375,s5,0.00,0.00,0.00,0,0,0.00,0.00,0.00,0,0,0.00,0.00,0,0
1567146375,s1,0.00,0.00,0.00,0,0,0.00,0.00,0.00,0,0,0.00,0.00,0,0
1567146375,eth0,0.00,0.00,0.00,0,0,0.00,0.00,0.00,0,0,0.00,0.00,0,0
1567146375,eth1,0.00,0.00,0.00,0,0,0.00,0.00,0.00,0,0,0.00,0.00,0,0
1567146375,s2,0.00,0.00,0.00,0,0,0.00,0.00,0.00,0,0,0.00,0.00,0,0
1567146375,s1-eth2,0.00,0.00,0.00,0,0,0.00,0.00,0.00,0,0,0.00,0.00,0,0
1567146375,s1-eth0,0.00,0.00,0.00,0,0,0.00,0.00,0.00,0,0,0.00,0.00,0,0
1567146375,s1-eth1,0.00,0.00,0.00,0,0,0.00,0.00,0.00,0,0,0.00,0.00,0,0
1567146375,s3,0.00,0.00,0.00,0,0,0.00,0.00,0.00,0,0,0.00,0.00,0,0
1567146375,s2-eth1,0.00,0.00,0.00,0,0,0.00,0.00,0.00,0,0,0.00,0.00,0,0
1567146375,lo,0.00,0.00,0.00,0,0,0.00,0.00,0.00,0,0,0.00,0.00,0,0
1567146375,s4,0.00,0.00,0.00,0,0,0.00,0.00,0.00,0,0,0.00,0.00,0,0
1567146375,total,0.00,0.00,0.00,0,0,0.00,0.00,0.00,0,0,0.00,0.00,0,0
1567146376,s5,0.00,0.00,0.00,0,0,0.00,0.00,0.00,0,0,0.00,0.00,0,0
1567146376,s1,90.00,340.00,430.00,340,90,1.00,4.00,5.00,4,1,0.00,0.00,0,0
1567146376,eth0,0.00,0.00,0.00,0,0,0.00,0.00,0.00,0,0,0.00,0.00,0,0
1567146376,eth1,0.00,0.00,0.00,0,0,0.00,0.00,0.00,0,0,0.00,0.00,0,0
1567146376,s2,160.00,1856.00,2016.00,1856,160,2.00,8.00,10.00,8,2,0.00,0.00,0,0
1567146376,s1-eth2,144930.00,5860944.00,6005874.00,5860944,144930,1941.00,3874.00,5815.00,3874,1941,0.00,0.00,0,0
1567146376,s1-eth0,1856.00,2266.00,4122.00,2266,1856,8.00,13.00,21.00,13,8,0.00,0.00,0,0
1567146376,s1-eth1,5862190.00,143132.00,6005322.00,143132,5862190,3880.00,1934.00,5814.00,1934,3880,0.00,0.00,0,0
1567146376,s3,0.00,0.00,0.00,0,0,0.00,0.00,0.00,0,0,0.00,0.00,0,0
1567146376,s2-eth1,2266.00,1856.00,4122.00,1856,2266,13.00,8.00,21.00,8,13,0.00,0.00,0,0
1567146376,lo,4559.00,4559.00,9118.00,4559,4559,46.00,46.00,92.00,46,46,0.00,0.00,0,0
1567146376,s4,0.00,0.00,0.00,0,0,0.00,0.00,0.00,0,0,0.00,0.00,0,0
1567146376,total,6016051.00,6014953.00,12031004.00,6014953,6016051,5891.00,5887.00,11778.00,5887,5891,0.00,0.00,0,0
1567146377,s5,0.00,0.00,0.00,0,0,0.00,0.00,0.00,0,0,0.00,0.00,0,0
1567146377,s1,0.00,0.00,0.00,0,0,0.00,0.00,0.00,0,0,0.00,0.00,0,0
1567146377,eth0,0.00,0.00,0.00,0,0,0.00,0.00,0.00,0,0,0.00,0.00,0,0
1567146377,eth1,0.00,0.00,0.00,0,0,0.00,0.00,0.00,0,0,0.00,0.00,0,0
1567146377,s2,90.00,374.00,464.00,374,90,1.00,2.00,3.00,2,1,0.00,0.00,0,0
1567146377,s1-eth2,146315.00,5957590.00,6103905.00,5957590,146315,1971.00,3935.00,5906.00,3935,1971,0.00,0.00,0,0
1567146377,s1-eth0,374.00,806.00,1180.00,806,374,2.00,4.00,6.00,4,2,0.00,0.00,0,0
1567146377,s1-eth1,5953717.00,145558.00,6099275.00,145558,5953717,3934.00,1967.00,5901.00,1967,3934,0.00,0.00,0,0
1567146377,s3,0.00,0.00,0.00,0,0,0.00,0.00,0.00,0,0,0.00,0.00,0,0
1567146377,s2-eth1,806.00,374.00,1180.00,374,806,4.00,2.00,6.00,2,4,0.00,0.00,0,0
1567146377,lo,919.00,919.00,1838.00,919,919,9.00,9.00,18.00,9,9,0.00,0.00,0,0
1567146377,s4,0.00,0.00,0.00,0,0,0.00,0.00,0.00,0,0,0.00,0.00,0,0
1567146377,total,6102221.00,6105621.00,12207842.00,6105621,6102221,5921.00,5919.00,11840.00,5919,5921,0.00,0.00,0,0
1567146378,s5,0.00,0.00,0.00,0,0,0.00,0.00,0.00,0,0,0.00,0.00,0,0
1567146378,s1,0.00,0.00,0.00,0,0,0.00,0.00,0.00,0,0,0.00,0.00,0,0
1567146378,eth0,0.00,0.00,0.00,0,0,0.00,0.00,0.00,0,0,0.00,0.00,0,0
1567146378,eth1,0.00,0.00,0.00,0,0,0.00,0.00,0.00,0,0,0.00,0.00,0,0
1567146378,s2,0.00,669.00,669.00,669,0,0.00,2.00,2.00,2,0,0.00,0.00,0,0
1567146378,s1-eth2,145696.00,5945478.00,6091174.00,5945478,145696,1965.00,3927.00,5892.00,3927,1965,0.00,0.00,0,0
1567146378,s1-eth0,669.00,327.00,996.00,327,669,2.00,1.00,3.00,1,2,0.00,0.00,0,0
1567146378,s1-eth1,5947366.00,145336.00,6092702.00,145336,5947366,3930.00,1964.00,5894.00,1964,3930,0.00,0.00,0,0
1567146378,s3,0.00,0.00,0.00,0,0,0.00,0.00,0.00,0,0,0.00,0.00,0,0
1567146378,s2-eth1,327.00,669.00,996.00,669,327,1.00,2.00,3.00,2,1,0.00,0.00,0,0
1567146378,lo,652.00,652.00,1304.00,652,652,6.00,6.00,12.00,6,6,0.00,0.00,0,0
1567146378,s4,0.00,0.00,0.00,0,0,0.00,0.00,0.00,0,0,0.00,0.00,0,0
1567146378,total,6094710.00,6093131.00,12187841.00,6093131,6094710,5904.00,5902.00,11806.00,5902,5904,0.00,0.00,0,0
1567146379,s5,0.00,0.00,0.00,0,0,0.00,0.00,0.00,0,0,0.00,0.00,0,0
1567146379,s1,70.00,70.00,140.00,70,70,1.00,1.00,2.00,1,1,0.00,0.00,0,0
1567146379,eth0,0.00,0.00,0.00,0,0,0.00,0.00,0.00,0,0,0.00,0.00,0,0
1567146379,eth1,0.00,0.00,0.00,0,0,0.00,0.00,0.00,0,0,0.00,0.00,0,0
1567146379,s2,0.00,444.00,444.00,444,0,0.00,3.00,3.00,3,0,0.00,0.00,0,0
1567146379,s1-eth2,148477.00,6054486.00,6202963.00,6054486,148477,2004.00,3999.00,6003.00,3999,2004,0.00,0.00,0,0
1567146379,s1-eth0,444.00,374.00,818.00,374,444,3.00,2.00,5.00,2,3,0.00,0.00,0,0
1567146379,s1-eth1,6061351.00,148144.00,6209495.00,148144,6061351,4007.00,2002.00,6009.00,2002,4007,0.00,0.00,0,0
1567146379,s3,0.00,0.00,0.00,0,0,0.00,0.00,0.00,0,0,0.00,0.00,0,0
1567146379,s2-eth1,374.00,444.00,818.00,444,374,2.00,3.00,5.00,3,2,0.00,0.00,0,0
1567146379,lo,1435.00,1435.00,2870.00,1435,1435,15.00,15.00,30.00,15,15,0.00,0.00,0,0
1567146379,s4,0.00,0.00,0.00,0,0,0.00,0.00,0.00,0,0,0.00,0.00,0,0
1567146379,total,6212151.00,6205397.00,12417548.00,6205397,6212151,6032.00,6025.00,12057.00,6025,6032,0.00,0.00,0,0
1567146380,s5,0.00,0.00,0.00,0,0,0.00,0.00,0.00,0,0,0.00,0.00,0,0
1567146380,s1,0.00,70.00,70.00,70,0,0.00,1.00,1.00,1,0,0.00,0.00,0,0
1567146380,eth0,0.00,0.00,0.00,0,0,0.00,0.00,0.00,0,0,0.00,0.00,0,0
1567146380,eth1,0.00,0.00,0.00,0,0,0.00,0.00,0.00,0,0,0.00,0.00,0,0
1567146380,s2,70.00,327.00,397.00,327,70,1.00,1.00,2.00,1,1,0.00,0.00,0,0
1567146380,s1-eth2,149511.00,6112088.00,6261599.00,6112088,149511,2017.00,4038.00,6055.00,4038,2017,0.00,0.00,0,0
1567146380,s1-eth0,327.00,467.00,794.00,467,327,1.00,3.00,4.00,3,1,0.00,0.00,0,0
1567146380,s1-eth1,6112088.00,149258.00,6261346.00,149258,6112088,4038.00,2017.00,6055.00,2017,4038,0.00,0.00,0,0
1567146380,s3,0.00,0.00,0.00,0,0,0.00,0.00,0.00,0,0,0.00,0.00,0,0
1567146380,s2-eth1,467.00,327.00,794.00,327,467,3.00,1.00,4.00,1,3,0.00,0.00,0,0
1567146380,lo,1378.00,1378.00,2756.00,1378,1378,18.00,18.00,36.00,18,18,0.00,0.00,0,0
1567146380,s4,0.00,0.00,0.00,0,0,0.00,0.00,0.00,0,0,0.00,0.00,0,0
1567146380,total,6263841.00,6263915.00,12527756.00,6263915,6263841,6078.00,6079.00,12157.00,6079,6078,0.00,0.00,0,0
1567146381,s5,0.00,0.00,0.00,0,0,0.00,0.00,0.00,0,0,0.00,0.00,0,0
1567146381,s1,0.00,0.00,0.00,0,0,0.00,0.00,0.00,0,0,0.00,0.00,0,0
1567146381,eth0,0.00,0.00,0.00,0,0,0.00,0.00,0.00,0,0,0.00,0.00,0,0
1567146381,eth1,0.00,0.00,0.00,0,0,0.00,0.00,0.00,0,0,0.00,0.00,0,0
1567146381,s2,0.00,0.00,0.00,0,0,0.00,0.00,0.00,0,0,0.00,0.00,0,0
1567146381,s1-eth2,149924.00,6127158.00,6277082.00,6127158,149924,2026.00,4047.00,6073.00,4047,2026,0.00,0.00,0,0
1567146381,s1-eth0,0.00,342.00,342.00,342,0,0.00,1.00,1.00,1,0,0.00,0.00,0,0
1567146381,s1-eth1,6127158.00,149850.00,6277008.00,149850,6127158,4047.00,2025.00,6072.00,2025,4047,0.00,0.00,0,0
1567146381,s3,0.00,0.00,0.00,0,0,0.00,0.00,0.00,0,0,0.00,0.00,0,0
1567146381,s2-eth1,342.00,0.00,342.00,0,342,1.00,0.00,1.00,0,1,0.00,0.00,0,0
1567146381,lo,0.00,0.00,0.00,0,0,0.00,0.00,0.00,0,0,0.00,0.00,0,0
1567146381,s4,0.00,0.00,0.00,0,0,0.00,0.00,0.00,0,0,0.00,0.00,0,0
1567146381,total,6277424.00,6277350.00,12554774.00,6277350,6277424,6074.00,6073.00,12147.00,6073,6074,0.00,0.00,0,0
1567146382,s5,0.00,0.00,0.00,0,0,0.00,0.00,0.00,0,0,0.00,0.00,0,0
1567146382,s1,0.00,0.00,0.00,0,0,0.00,0.00,0.00,0,0,0.00,0.00,0,0
1567146382,eth0,0.00,0.00,0.00,0,0,0.00,0.00,0.00,0,0,0.00,0.00,0,0
1567146382,eth1,0.00,0.00,0.00,0,0,0.00,0.00,0.00,0,0,0.00,0.00,0,0
1567146382,s2,0.00,0.00,0.00,0,0,0.00,0.00,0.00,0,0,0.00,0.00,0,0
1567146382,s1-eth2,149439.00,6112018.00,6261457.00,6112018,149439,2019.00,4037.00,6056.00,4037,2019,0.00,0.00,0,0
1567146382,s1-eth0,0.00,0.00,0.00,0,0,0.00,0.00,0.00,0,0,0.00,0.00,0,0
1567146382,s1-eth1,6109097.00,149332.00,6258429.00,149332,6109097,4036.00,2018.00,6054.00,2018,4036,0.00,0.00,0,0
1567146382,s3,0.00,0.00,0.00,0,0,0.00,0.00,0.00,0,0,0.00,0.00,0,0
1567146382,s2-eth1,0.00,0.00,0.00,0,0,0.00,0.00,0.00,0,0,0.00,0.00,0,0
1567146382,lo,0.00,0.00,0.00,0,0,0.00,0.00,0.00,0,0,0.00,0.00,0,0
1567146382,s4,0.00,0.00,0.00,0,0,0.00,0.00,0.00,0,0,0.00,0.00,0,0
1567146382,total,6258536.00,6261350.00,12519886.00,6261350,6258536,6055.00,6055.00,12110.00,6055,6055,0.00,0.00,0,0
1567146383,s5,0.00,0.00,0.00,0,0,0.00,0.00,0.00,0,0,0.00,0.00,0,0
1567146383,s1,70.00,70.00,140.00,70,70,1.00,1.00,2.00,1,1,0.00,0.00,0,0
1567146383,eth0,0.00,0.00,0.00,0,0,0.00,0.00,0.00,0,0,0.00,0.00,0,0
1567146383,eth1,0.00,0.00,0.00,0,0,0.00,0.00,0.00,0,0,0.00,0.00,0,0
1567146383,s2,0.00,177.00,177.00,177,0,0.00,2.00,2.00,2,0,0.00,0.00,0,0
1567146383,s1-eth2,150286.00,6143812.00,6294098.00,6143812,150286,2031.00,4058.00,6089.00,4058,2031,0.00,0.00,0,0
1567146383,s1-eth0,177.00,449.00,626.00,449,177,2.00,2.00,4.00,2,2,0.00,0.00,0,0
1567146383,s1-eth1,6137896.00,150142.00,6288038.00,150142,6137896,4056.00,2029.00,6085.00,2029,4056,0.00,0.00,0,0
1567146383,s3,0.00,0.00,0.00,0,0,0.00,0.00,0.00,0,0,0.00,0.00,0,0
1567146383,s2-eth1,449.00,177.00,626.00,177,449,2.00,2.00,4.00,2,2,0.00,0.00,0,0
1567146383,lo,1109.00,1109.00,2218.00,1109,1109,12.00,12.00,24.00,12,12,0.00,0.00,0,0
1567146383,s4,0.00,0.00,0.00,0,0,0.00,0.00,0.00,0,0,0.00,0.00,0,0
1567146383,total,6289987.00,6295936.00,12585923.00,6295936,6289987,6104.00,6106.00,12210.00,6106,6104,0.00,0.00,0,0
1567146384,s5,0.00,0.00,0.00,0,0,0.00,0.00,0.00,0,0,0.00,0.00,0,0
1567146384,s1,0.00,70.00,70.00,70,0,0.00,1.00,1.00,1,0,0.00,0.00,0,0
1567146384,eth0,0.00,0.00,0.00,0,0,0.00,0.00,0.00,0,0,0.00,0.00,0,0
1567146384,eth1,0.00,0.00,0.00,0,0,0.00,0.00,0.00,0,0,0.00,0.00,0,0
1567146384,s2,70.00,342.00,412.00,342,70,1.00,1.00,2.00,1,1,0.00,0.00,0,0
1567146384,s1-eth2,148218.00,6066668.00,6214886.00,6066668,148218,2003.00,4008.00,6011.00,4008,2003,0.00,0.00,0,0
1567146384,s1-eth0,342.00,140.00,482.00,140,342,1.00,2.00,3.00,2,1,0.00,0.00,0,0
1567146384,s1-eth1,6066668.00,148296.00,6214964.00,148296,6066668,4008.00,2004.00,6012.00,2004,4008,0.00,0.00,0,0
1567146384,s3,0.00,0.00,0.00,0,0,0.00,0.00,0.00,0,0,0.00,0.00,0,0
1567146384,s2-eth1,140.00,342.00,482.00,342,140,2.00,1.00,3.00,1,2,0.00,0.00,0,0
1567146384,lo,862.00,862.00,1724.00,862,862,9.00,9.00,18.00,9,9,0.00,0.00,0,0
1567146384,s4,0.00,0.00,0.00,0,0,0.00,0.00,0.00,0,0,0.00,0.00,0,0
1567146384,total,6216300.00,6216720.00,12433020.00,6216720,6216300,6024.00,6026.00,12050.00,6026,6024,0.00,0.00,0,0
1567146385,s5,0.00,0.00,0.00,0,0,0.00,0.00,0.00,0,0,0.00,0.00,0,0
1567146385,s1,0.00,0.00,0.00,0,0,0.00,0.00,0.00,0,0,0.00,0.00,0,0
1567146385,eth0,0.00,0.00,0.00,0,0,0.00,0.00,0.00,0,0,0.00,0.00,0,0
1567146385,eth1,0.00,0.00,0.00,0,0,0.00,0.00,0.00,0,0,0.00,0.00,0,0
1567146385,s2,0.00,0.00,0.00,0,0,0.00,0.00,0.00,0,0,0.00,0.00,0,0
1567146385,s1-eth2,150146.00,6131700.00,6281846.00,6131700,150146,2029.00,4050.00,6079.00,4050,2029,0.00,0.00,0,0
1567146385,s1-eth0,0.00,0.00,0.00,0,0,0.00,0.00,0.00,0,0,0.00,0.00,0,0
1567146385,s1-eth1,6136242.00,150146.00,6286388.00,150146,6136242,4053.00,2029.00,6082.00,2029,4053,0.00,0.00,0,0
1567146385,s3,0.00,0.00,0.00,0,0,0.00,0.00,0.00,0,0,0.00,0.00,0,0
1567146385,s2-eth1,0.00,0.00,0.00,0,0,0.00,0.00,0.00,0,0,0.00,0.00,0,0
1567146385,lo,516.00,516.00,1032.00,516,516,9.00,9.00,18.00,9,9,0.00,0.00,0,0
1567146385,s4,0.00,0.00,0.00,0,0,0.00,0.00,0.00,0,0,0.00,0.00,0,0
1567146385,total,6286904.00,6282362.00,12569266.00,6282362,6286904,6091.00,6088.00,12179.00,6088,6091,0.00,0.00,0,0
1567146386,s5,0.00,0.00,0.00,0,0,0.00,0.00,0.00,0,0,0.00,0.00,0,0
1567146386,s1,0.00,0.00,0.00,0,0,0.00,0.00,0.00,0,0,0.00,0.00,0,0
1567146386,eth0,0.00,0.00,0.00,0,0,0.00,0.00,0.00,0,0,0.00,0.00,0,0
1567146386,eth1,0.00,0.00,0.00,0,0,0.00,0.00,0.00,0,0,0.00,0.00,0,0
1567146386,s2,0.00,0.00,0.00,0,0,0.00,0.00,0.00,0,0,0.00,0.00,0,0
1567146386,s1-eth2,149008.00,6083252.00,6232260.00,6083252,149008,2010.00,4018.00,6028.00,4018,2010,0.00,0.00,0,0
1567146386,s1-eth0,0.00,0.00,0.00,0,0,0.00,0.00,0.00,0,0,0.00,0.00,0,0
1567146386,s1-eth1,6084766.00,148666.00,6233432.00,148666,6084766,4019.00,2009.00,6028.00,2009,4019,0.00,0.00,0,0
1567146386,s3,0.00,0.00,0.00,0,0,0.00,0.00,0.00,0,0,0.00,0.00,0,0
1567146386,s2-eth1,0.00,0.00,0.00,0,0,0.00,0.00,0.00,0,0,0.00,0.00,0,0
1567146386,lo,0.00,0.00,0.00,0,0,0.00,0.00,0.00,0,0,0.00,0.00,0,0
1567146386,s4,0.00,0.00,0.00,0,0,0.00,0.00,0.00,0,0,0.00,0.00,0,0
1567146386,total,6233774.00,6231918.00,12465692.00,6231918,6233774,6029.00,6027.00,12056.00,6027,6029,0.00,0.00,0,0
1567146387,s5,0.00,0.00,0.00,0,0,0.00,0.00,0.00,0,0,0.00,0.00,0,0
1567146387,s1,0.00,0.00,0.00,0,0,0.00,0.00,0.00,0,0,0.00,0.00,0,0
1567146387,eth0,0.00,0.00,0.00,0,0,0.00,0.00,0.00,0,0,0.00,0.00,0,0
1567146387,eth1,0.00,0.00,0.00,0,0,0.00,0.00,0.00,0,0,0.00,0.00,0,0
1567146387,s2,0.00,0.00,0.00,0,0,0.00,0.00,0.00,0,0,0.00,0.00,0,0
1567146387,s1-eth2,149480.00,6110504.00,6259984.00,6110504,149480,2020.00,4036.00,6056.00,4036,2020,0.00,0.00,0,0
1567146387,s1-eth0,0.00,342.00,342.00,342,0,0.00,1.00,1.00,1,0,0.00,0.00,0,0
1567146387,s1-eth1,6110846.00,149480.00,6260326.00,149480,6110846,4037.00,2020.00,6057.00,2020,4037,0.00,0.00,0,0
1567146387,s3,0.00,0.00,0.00,0,0,0.00,0.00,0.00,0,0,0.00,0.00,0,0
1567146387,s2-eth1,342.00,0.00,342.00,0,342,1.00,0.00,1.00,0,1,0.00,0.00,0,0
1567146387,lo,0.00,0.00,0.00,0,0,0.00,0.00,0.00,0,0,0.00,0.00,0,0
1567146387,s4,0.00,0.00,0.00,0,0,0.00,0.00,0.00,0,0,0.00,0.00,0,0
1567146387,total,6260668.00,6260326.00,12520994.00,6260326,6260668,6058.00,6057.00,12115.00,6057,6058,0.00,0.00,0,0
1567146388,s5,0.00,0.00,0.00,0,0,0.00,0.00,0.00,0,0,0.00,0.00,0,0
1567146388,s1,0.00,0.00,0.00,0,0,0.00,0.00,0.00,0,0,0.00,0.00,0,0
1567146388,eth0,0.00,0.00,0.00,0,0,0.00,0.00,0.00,0,0,0.00,0.00,0,0
1567146388,eth1,0.00,0.00,0.00,0,0,0.00,0.00,0.00,0,0,0.00,0.00,0,0
1567146388,s2,0.00,0.00,0.00,0,0,0.00,0.00,0.00,0,0,0.00,0.00,0,0
1567146388,s1-eth2,148370.00,6075682.00,6224052.00,6075682,148370,2005.00,4013.00,6018.00,4013,2005,0.00,0.00,0,0
1567146388,s1-eth0,0.00,0.00,0.00,0,0,0.00,0.00,0.00,0,0,0.00,0.00,0,0
1567146388,s1-eth1,6075682.00,148370.00,6224052.00,148370,6075682,4013.00,2005.00,6018.00,2005,4013,0.00,0.00,0,0
1567146388,s3,0.00,0.00,0.00,0,0,0.00,0.00,0.00,0,0,0.00,0.00,0,0
1567146388,s2-eth1,0.00,0.00,0.00,0,0,0.00,0.00,0.00,0,0,0.00,0.00,0,0
1567146388,lo,344.00,344.00,688.00,344,344,6.00,6.00,12.00,6,6,0.00,0.00,0,0
1567146388,s4,0.00,0.00,0.00,0,0,0.00,0.00,0.00,0,0,0.00,0.00,0,0
1567146388,total,6224396.00,6224396.00,12448792.00,6224396,6224396,6024.00,6024.00,12048.00,6024,6024,0.00,0.00,0,0
1567146389,s5,0.00,0.00,0.00,0,0,0.00,0.00,0.00,0,0,0.00,0.00,0,0
1567146389,s1,0.00,0.00,0.00,0,0,0.00,0.00,0.00,0,0,0.00,0.00,0,0
1567146389,eth0,0.00,0.00,0.00,0,0,0.00,0.00,0.00,0,0,0.00,0.00,0,0
1567146389,eth1,0.00,0.00,0.00,0,0,0.00,0.00,0.00,0,0,0.00,0.00,0,0
1567146389,s2,0.00,0.00,0.00,0,0,0.00,0.00,0.00,0,0,0.00,0.00,0,0
1567146389,s1-eth2,149776.00,6127158.00,6276934.00,6127158,149776,2024.00,4047.00,6071.00,4047,2024,0.00,0.00,0,0
1567146389,s1-eth0,0.00,0.00,0.00,0,0,0.00,0.00,0.00,0,0,0.00,0.00,0,0
1567146389,s1-eth1,6130186.00,149776.00,6279962.00,149776,6130186,4049.00,2024.00,6073.00,2024,4049,0.00,0.00,0,0
1567146389,s3,0.00,0.00,0.00,0,0,0.00,0.00,0.00,0,0,0.00,0.00,0,0
1567146389,s2-eth1,0.00,0.00,0.00,0,0,0.00,0.00,0.00,0,0,0.00,0.00,0,0
1567146389,lo,0.00,0.00,0.00,0,0,0.00,0.00,0.00,0,0,0.00,0.00,0,0
1567146389,s4,0.00,0.00,0.00,0,0,0.00,0.00,0.00,0,0,0.00,0.00,0,0
1567146389,total,6279962.00,6276934.00,12556896.00,6276934,6279962,6073.00,6071.00,12144.00,6071,6073,0.00,0.00,0,0
1567146390,s5,0.00,0.00,0.00,0,0,0.00,0.00,0.00,0,0,0.00,0.00,0,0
1567146390,s1,0.00,0.00,0.00,0,0,0.00,0.00,0.00,0,0,0.00,0.00,0,0
1567146390,eth0,0.00,0.00,0.00,0,0,0.00,0.00,0.00,0,0,0.00,0.00,0,0
1567146390,eth1,0.00,0.00,0.00,0,0,0.00,0.00,0.00,0,0,0.00,0.00,0,0
1567146390,s2,0.00,0.00,0.00,0,0,0.00,0.00,0.00,0,0,0.00,0.00,0,0
1567146390,s1-eth2,150401.00,6148354.00,6298755.00,6148354,150401,2032.00,4061.00,6093.00,4061,2032,0.00,0.00,0,0
1567146390,s1-eth0,0.00,0.00,0.00,0,0,0.00,0.00,0.00,0,0,0.00,0.00,0,0
1567146390,s1-eth1,6148461.00,150294.00,6298755.00,150294,6148461,4062.00,2031.00,6093.00,2031,4062,0.00,0.00,0,0
1567146390,s3,0.00,0.00,0.00,0,0,0.00,0.00,0.00,0,0,0.00,0.00,0,0
1567146390,s2-eth1,0.00,0.00,0.00,0,0,0.00,0.00,0.00,0,0,0.00,0.00,0,0
1567146390,lo,516.00,516.00,1032.00,516,516,9.00,9.00,18.00,9,9,0.00,0.00,0,0
1567146390,s4,0.00,0.00,0.00,0,0,0.00,0.00,0.00,0,0,0.00,0.00,0,0
1567146390,total,6299378.00,6299164.00,12598542.00,6299164,6299378,6103.00,6101.00,12204.00,6101,6103,0.00,0.00,0,0
1567146391,s5,0.00,0.00,0.00,0,0,0.00,0.00,0.00,0,0,0.00,0.00,0,0
1567146391,s1,0.00,0.00,0.00,0,0,0.00,0.00,0.00,0,0,0.00,0.00,0,0
1567146391,eth0,0.00,0.00,0.00,0,0,0.00,0.00,0.00,0,0,0.00,0.00,0,0
1567146391,eth1,0.00,0.00,0.00,0,0,0.00,0.00,0.00,0,0,0.00,0.00,0,0
1567146391,s2,0.00,107.00,107.00,107,0,0.00,1.00,1.00,1,0,0.00,0.00,0,0
1567146391,s1-eth2,149628.00,6122616.00,6272244.00,6122616,149628,2022.00,4044.00,6066.00,4044,2022,0.00,0.00,0,0
1567146391,s1-eth0,107.00,107.00,214.00,107,107,1.00,1.00,2.00,1,1,0.00,0.00,0,0
1567146391,s1-eth1,6119588.00,149480.00,6269068.00,149480,6119588,4042.00,2020.00,6062.00,2020,4042,0.00,0.00,0,0
1567146391,s3,0.00,0.00,0.00,0,0,0.00,0.00,0.00,0,0,0.00,0.00,0,0
1567146391,s2-eth1,107.00,107.00,214.00,107,107,1.00,1.00,2.00,1,1,0.00,0.00,0,0
1567146391,lo,305.00,305.00,610.00,305,305,3.00,3.00,6.00,3,3,0.00,0.00,0,0
1567146391,s4,0.00,0.00,0.00,0,0,0.00,0.00,0.00,0,0,0.00,0.00,0,0
1567146391,total,6269735.00,6272722.00,12542457.00,6272722,6269735,6069.00,6070.00,12139.00,6070,6069,0.00,0.00,0,0
1567146392,s5,0.00,0.00,0.00,0,0,0.00,0.00,0.00,0,0,0.00,0.00,0,0
1567146392,s1,0.00,0.00,0.00,0,0,0.00,0.00,0.00,0,0,0.00,0.00,0,0
1567146392,eth0,0.00,0.00,0.00,0,0,0.00,0.00,0.00,0,0,0.00,0.00,0,0
1567146392,eth1,0.00,0.00,0.00,0,0,0.00,0.00,0.00,0,0,0.00,0.00,0,0
1567146392,s2,0.00,0.00,0.00,0,0,0.00,0.00,0.00,0,0,0.00,0.00,0,0
1567146392,s1-eth2,149108.89,6107424.50,6256533.50,6113532,149258,2014.99,4033.97,6048.95,4038,2017,0.00,0.00,0,0
1567146392,s1-eth0,0.00,0.00,0.00,0,0,0.00,0.00,0.00,0,0,0.00,0.00,0,0
1567146392,s1-eth1,6107424.50,149404.59,6256829.50,149554,6113532,4033.97,2018.98,6052.95,2021,4038,0.00,0.00,0,0
1567146392,s3,0.00,0.00,0.00,0,0,0.00,0.00,0.00,0,0,0.00,0.00,0,0
1567146392,s2-eth1,0.00,0.00,0.00,0,0,0.00,0.00,0.00,0,0,0.00,0.00,0,0
1567146392,lo,0.00,0.00,0.00,0,0,0.00,0.00,0.00,0,0,0.00,0.00,0,0
1567146392,s4,0.00,0.00,0.00,0,0,0.00,0.00,0.00,0,0,0.00,0.00,0,0
1567146392,total,6256533.50,6256829.50,12513363.00,6263086,6262790,6048.95,6052.95,12101.90,6059,6055,0.00,0.00,0,0
1567146393,s5,0.00,0.00,0.00,0,0,0.00,0.00,0.00,0,0,0.00,0.00,0,0
1567146393,s1,0.00,0.00,0.00,0,0,0.00,0.00,0.00,0,0,0.00,0.00,0,0
1567146393,eth0,0.00,0.00,0.00,0,0,0.00,0.00,0.00,0,0,0.00,0.00,0,0
1567146393,eth1,0.00,0.00,0.00,0,0,0.00,0.00,0.00,0,0,0.00,0.00,0,0
1567146393,s2,0.00,0.00,0.00,0,0,0.00,0.00,0.00,0,0,0.00,0.00,0,0
1567146393,s1-eth2,150220.00,6146840.00,6297060.00,6146840,150220,2030.00,4060.00,6090.00,4060,2030,0.00,0.00,0,0
1567146393,s1-eth0,0.00,0.00,0.00,0,0,0.00,0.00,0.00,0,0,0.00,0.00,0,0
1567146393,s1-eth1,6143812.00,149998.00,6293810.00,149998,6143812,4058.00,2027.00,6085.00,2027,4058,0.00,0.00,0,0
1567146393,s3,0.00,0.00,0.00,0,0,0.00,0.00,0.00,0,0,0.00,0.00,0,0
1567146393,s2-eth1,0.00,0.00,0.00,0,0,0.00,0.00,0.00,0,0,0.00,0.00,0,0
1567146393,lo,172.00,172.00,344.00,172,172,3.00,3.00,6.00,3,3,0.00,0.00,0,0
1567146393,s4,0.00,0.00,0.00,0,0,0.00,0.00,0.00,0,0,0.00,0.00,0,0
1567146393,total,6294204.00,6297010.00,12591214.00,6297010,6294204,6091.00,6090.00,12181.00,6090,6091,0.00,0.00,0,0
1567146394,s5,0.00,0.00,0.00,0,0,0.00,0.00,0.00,0,0,0.00,0.00,0,0
1567146394,s1,0.00,0.00,0.00,0,0,0.00,0.00,0.00,0,0,0.00,0.00,0,0
1567146394,eth0,0.00,0.00,0.00,0,0,0.00,0.00,0.00,0,0,0.00,0.00,0,0
1567146394,eth1,0.00,0.00,0.00,0,0,0.00,0.00,0.00,0,0,0.00,0.00,0,0
1567146394,s2,0.00,0.00,0.00,0,0,0.00,0.00,0.00,0,0,0.00,0.00,0,0
1567146394,s1-eth2,149332.00,6110504.00,6259836.00,6110504,149332,2018.00,4036.00,6054.00,4036,2018,0.00,0.00,0,0
1567146394,s1-eth0,0.00,0.00,0.00,0,0,0.00,0.00,0.00,0,0,0.00,0.00,0,0
1567146394,s1-eth1,6105962.00,149406.00,6255368.00,149406,6105962,4033.00,2019.00,6052.00,2019,4033,0.00,0.00,0,0
1567146394,s3,0.00,0.00,0.00,0,0,0.00,0.00,0.00,0,0,0.00,0.00,0,0
1567146394,s2-eth1,0.00,0.00,0.00,0,0,0.00,0.00,0.00,0,0,0.00,0.00,0,0
1567146394,lo,0.00,0.00,0.00,0,0,0.00,0.00,0.00,0,0,0.00,0.00,0,0
1567146394,s4,0.00,0.00,0.00,0,0,0.00,0.00,0.00,0,0,0.00,0.00,0,0
1567146394,total,6255294.00,6259910.00,12515204.00,6259910,6255294,6051.00,6055.00,12106.00,6055,6051,0.00,0.00,0,0
1567146395,s5,0.00,0.00,0.00,0,0,0.00,0.00,0.00,0,0,0.00,0.00,0,0
1567146395,s1,0.00,0.00,0.00,0,0,0.00,0.00,0.00,0,0,0.00,0.00,0,0
1567146395,eth0,0.00,0.00,0.00,0,0,0.00,0.00,0.00,0,0,0.00,0.00,0,0
1567146395,eth1,0.00,0.00,0.00,0,0,0.00,0.00,0.00,0,0,0.00,0.00,0,0
1567146395,s2,0.00,0.00,0.00,0,0,0.00,0.00,0.00,0,0,0.00,0.00,0,0
1567146395,s1-eth2,148740.00,6087794.00,6236534.00,6087794,148740,2010.00,4021.00,6031.00,4021,2010,0.00,0.00,0,0
1567146395,s1-eth0,0.00,0.00,0.00,0,0,0.00,0.00,0.00,0,0,0.00,0.00,0,0
1567146395,s1-eth1,6090822.00,148666.00,6239488.00,148666,6090822,4023.00,2009.00,6032.00,2009,4023,0.00,0.00,0,0
1567146395,s3,0.00,0.00,0.00,0,0,0.00,0.00,0.00,0,0,0.00,0.00,0,0
1567146395,s2-eth1,0.00,0.00,0.00,0,0,0.00,0.00,0.00,0,0,0.00,0.00,0,0
1567146395,lo,688.00,688.00,1376.00,688,688,12.00,12.00,24.00,12,12,0.00,0.00,0,0
1567146395,s4,0.00,0.00,0.00,0,0,0.00,0.00,0.00,0,0,0.00,0.00,0,0
1567146395,total,6240250.00,6237148.00,12477398.00,6237148,6240250,6045.00,6042.00,12087.00,6042,6045,0.00,0.00,0,0
1567146396,s5,0.00,0.00,0.00,0,0,0.00,0.00,0.00,0,0,0.00,0.00,0,0
1567146396,s1,0.00,0.00,0.00,0,0,0.00,0.00,0.00,0,0,0.00,0.00,0,0
1567146396,eth0,0.00,0.00,0.00,0,0,0.00,0.00,0.00,0,0,0.00,0.00,0,0
1567146396,eth1,0.00,0.00,0.00,0,0,0.00,0.00,0.00,0,0,0.00,0.00,0,0
1567146396,s2,0.00,0.00,0.00,0,0,0.00,0.00,0.00,0,0,0.00,0.00,0,0
1567146396,s1-eth2,150294.00,6146840.00,6297134.00,6146840,150294,2031.00,4060.00,6091.00,4060,2031,0.00,0.00,0,0
1567146396,s1-eth0,0.00,342.00,342.00,342,0,0.00,1.00,1.00,1,0,0.00,0.00,0,0
1567146396,s1-eth1,6149868.00,150368.00,6300236.00,150368,6149868,4062.00,2032.00,6094.00,2032,4062,0.00,0.00,0,0
1567146396,s3,0.00,0.00,0.00,0,0,0.00,0.00,0.00,0,0,0.00,0.00,0,0
1567146396,s2-eth1,342.00,0.00,342.00,0,342,1.00,0.00,1.00,0,1,0.00,0.00,0,0
1567146396,lo,0.00,0.00,0.00,0,0,0.00,0.00,0.00,0,0,0.00,0.00,0,0
1567146396,s4,0.00,0.00,0.00,0,0,0.00,0.00,0.00,0,0,0.00,0.00,0,0
1567146396,total,6300504.00,6297550.00,12598054.00,6297550,6300504,6094.00,6093.00,12187.00,6093,6094,0.00,0.00,0,0
1567146397,s5,0.00,0.00,0.00,0,0,0.00,0.00,0.00,0,0,0.00,0.00,0,0
1567146397,s1,0.00,0.00,0.00,0,0,0.00,0.00,0.00,0,0,0.00,0.00,0,0
1567146397,eth0,0.00,0.00,0.00,0,0,0.00,0.00,0.00,0,0,0.00,0.00,0,0
1567146397,eth1,0.00,0.00,0.00,0,0,0.00,0.00,0.00,0,0,0.00,0.00,0,0
1567146397,s2,0.00,0.00,0.00,0,0,0.00,0.00,0.00,0,0,0.00,0.00,0,0
1567146397,s1-eth2,148296.00,6066598.00,6214894.00,6066598,148296,2004.00,4007.00,6011.00,4007,2004,0.00,0.00,0,0
1567146397,s1-eth0,0.00,0.00,0.00,0,0,0.00,0.00,0.00,0,0,0.00,0.00,0,0
1567146397,s1-eth1,6065084.00,148222.00,6213306.00,148222,6065084,4006.00,2003.00,6009.00,2003,4006,0.00,0.00,0,0
1567146397,s3,0.00,0.00,0.00,0,0,0.00,0.00,0.00,0,0,0.00,0.00,0,0
1567146397,s2-eth1,0.00,0.00,0.00,0,0,0.00,0.00,0.00,0,0,0.00,0.00,0,0
1567146397,lo,0.00,0.00,0.00,0,0,0.00,0.00,0.00,0,0,0.00,0.00,0,0
1567146397,s4,0.00,0.00,0.00,0,0,0.00,0.00,0.00,0,0,0.00,0.00,0,0
1567146397,total,6207173.00,6208611.50,12415785.00,6214820,6213380,6004.00,6004.00,12007.99,6010,6010,0.00,0.00,0,0
1567146398,s5,0.00,0.00,0.00,0,0,0.00,0.00,0.00,0,0,0.00,0.00,0,0
1567146398,s1,0.00,0.00,0.00,0,0,0.00,0.00,0.00,0,0,0.00,0.00,0,0
1567146398,eth0,0.00,0.00,0.00,0,0,0.00,0.00,0.00,0,0,0.00,0.00,0,0
1567146398,eth1,0.00,0.00,0.00,0,0,0.00,0.00,0.00,0,0,0.00,0.00,0,0
1567146398,s2,0.00,0.00,0.00,0,0,0.00,0.00,0.00,0,0,0.00,0.00,0,0
1567146398,s1-eth2,149774.23,6134649.50,6284423.50,6140784,149924,2023.98,4051.95,6075.92,4056,2026,0.00,0.00,0,0
1567146398,s1-eth0,0.00,0.00,0.00,0,0,0.00,0.00,0.00,0,0,0.00,0.00,0,0
1567146398,s1-eth1,6131966.00,149848.16,6281814.50,149998,6138098,4050.95,2024.98,6075.92,2027,4055,0.00,0.00,0,0
1567146398,s3,0.00,0.00,0.00,0,0,0.00,0.00,0.00,0,0,0.00,0.00,0,0
1567146398,s2-eth1,0.00,0.00,0.00,0,0,0.00,0.00,0.00,0,0,0.00,0.00,0,0
1567146398,lo,172.00,172.00,344.00,172,172,3.00,3.00,6.00,3,3,0.00,0.00,0,0
1567146398,s4,0.00,0.00,0.00,0,0,0.00,0.00,0.00,0,0,0.00,0.00,0,0
1567146398,total,6288194.00,6290954.00,12579148.00,6290954,6288194,6084.00,6086.00,12170.00,6086,6084,0.00,0.00,0,0
1567146399,s5,0.00,0.00,0.00,0,0,0.00,0.00,0.00,0,0,0.00,0.00,0,0
1567146399,s1,0.00,0.00,0.00,0,0,0.00,0.00,0.00,0,0,0.00,0.00,0,0
1567146399,eth0,0.00,0.00,0.00,0,0,0.00,0.00,0.00,0,0,0.00,0.00,0,0
1567146399,eth1,0.00,0.00,0.00,0,0,0.00,0.00,0.00,0,0,0.00,0.00,0,0
1567146399,s2,0.00,0.00,0.00,0,0,0.00,0.00,0.00,0,0,0.00,0.00,0,0
1567146399,s1-eth2,150488.00,6142298.00,6292786.00,6142298,150488,2030.00,4057.00,6087.00,4057,2030,0.00,0.00,0,0
1567146399,s1-eth0,0.00,0.00,0.00,0,0,0.00,0.00,0.00,0,0,0.00,0.00,0,0
1567146399,s1-eth1,6142298.00,150072.00,6292370.00,150072,6142298,4057.00,2028.00,6085.00,2028,4057,0.00,0.00,0,0
1567146399,s3,0.00,0.00,0.00,0,0,0.00,0.00,0.00,0,0,0.00,0.00,0,0
1567146399,s2-eth1,0.00,0.00,0.00,0,0,0.00,0.00,0.00,0,0,0.00,0.00,0,0
1567146399,lo,0.00,0.00,0.00,0,0,0.00,0.00,0.00,0,0,0.00,0.00,0,0
1567146399,s4,0.00,0.00,0.00,0,0,0.00,0.00,0.00,0,0,0.00,0.00,0,0
1567146399,total,6292786.00,6292370.00,12585156.00,6292370,6292786,6087.00,6085.00,12172.00,6085,6087,0.00,0.00,0,0
1567146400,s5,0.00,0.00,0.00,0,0,0.00,0.00,0.00,0,0,0.00,0.00,0,0
1567146400,s1,0.00,0.00,0.00,0,0,0.00,0.00,0.00,0,0,0.00,0.00,0,0
1567146400,eth0,0.00,0.00,0.00,0,0,0.00,0.00,0.00,0,0,0.00,0.00,0,0
1567146400,eth1,0.00,0.00,0.00,0,0,0.00,0.00,0.00,0,0,0.00,0.00,0,0
1567146400,s2,0.00,0.00,0.00,0,0,0.00,0.00,0.00,0,0,0.00,0.00,0,0
1567146400,s1-eth2,148888.00,6081738.00,6230626.00,6081738,148888,2012.00,4017.00,6029.00,4017,2012,0.00,0.00,0,0
1567146400,s1-eth0,0.00,0.00,0.00,0,0,0.00,0.00,0.00,0,0,0.00,0.00,0,0
1567146400,s1-eth1,6087794.00,148814.00,6236608.00,148814,6087794,4021.00,2011.00,6032.00,2011,4021,0.00,0.00,0,0
1567146400,s3,0.00,0.00,0.00,0,0,0.00,0.00,0.00,0,0,0.00,0.00,0,0
1567146400,s2-eth1,0.00,0.00,0.00,0,0,0.00,0.00,0.00,0,0,0.00,0.00,0,0
1567146400,lo,688.00,688.00,1376.00,688,688,12.00,12.00,24.00,12,12,0.00,0.00,0,0
1567146400,s4,0.00,0.00,0.00,0,0,0.00,0.00,0.00,0,0,0.00,0.00,0,0
1567146400,total,6237370.00,6231240.00,12468610.00,6231240,6237370,6045.00,6040.00,12085.00,6040,6045,0.00,0.00,0,0
1567146401,s5,0.00,0.00,0.00,0,0,0.00,0.00,0.00,0,0,0.00,0.00,0,0
1567146401,s1,0.00,0.00,0.00,0,0,0.00,0.00,0.00,0,0,0.00,0.00,0,0
1567146401,eth0,0.00,0.00,0.00,0,0,0.00,0.00,0.00,0,0,0.00,0.00,0,0
1567146401,eth1,0.00,0.00,0.00,0,0,0.00,0.00,0.00,0,0,0.00,0.00,0,0
1567146401,s2,0.00,342.00,342.00,342,0,0.00,1.00,1.00,1,0,0.00,0.00,0,0
1567146401,s1-eth2,149480.00,6122616.00,6272096.00,6122616,149480,2020.00,4044.00,6064.00,4044,2020,0.00,0.00,0,0
1567146401,s1-eth0,342.00,0.00,342.00,0,342,1.00,0.00,1.00,0,1,0.00,0.00,0,0
1567146401,s1-eth1,6119588.00,149554.00,6269142.00,149554,6119588,4042.00,2021.00,6063.00,2021,4042,0.00,0.00,0,0
1567146401,s3,0.00,0.00,0.00,0,0,0.00,0.00,0.00,0,0,0.00,0.00,0,0
1567146401,s2-eth1,0.00,342.00,342.00,342,0,0.00,1.00,1.00,1,0,0.00,0.00,0,0
1567146401,lo,326.00,326.00,652.00,326,326,3.00,3.00,6.00,3,3,0.00,0.00,0,0
1567146401,s4,0.00,0.00,0.00,0,0,0.00,0.00,0.00,0,0,0.00,0.00,0,0
1567146401,total,6269736.00,6273180.00,12542916.00,6273180,6269736,6066.00,6070.00,12136.00,6070,6066,0.00,0.00,0,0
1567146402,s5,0.00,0.00,0.00,0,0,0.00,0.00,0.00,0,0,0.00,0.00,0,0
1567146402,s1,0.00,0.00,0.00,0,0,0.00,0.00,0.00,0,0,0.00,0.00,0,0
1567146402,eth0,0.00,0.00,0.00,0,0,0.00,0.00,0.00,0,0,0.00,0.00,0,0
1567146402,eth1,0.00,0.00,0.00,0,0,0.00,0.00,0.00,0,0,0.00,0.00,0,0
1567146402,s2,0.00,0.00,0.00,0,0,0.00,0.00,0.00,0,0,0.00,0.00,0,0
1567146402,s1-eth2,150220.00,6136242.00,6286462.00,6136242,150220,2030.00,4053.00,6083.00,4053,2030,0.00,0.00,0,0
1567146402,s1-eth0,0.00,0.00,0.00,0,0,0.00,0.00,0.00,0,0,0.00,0.00,0,0
1567146402,s1-eth1,6139270.00,150146.00,6289416.00,150146,6139270,4055.00,2029.00,6084.00,2029,4055,0.00,0.00,0,0
1567146402,s3,0.00,0.00,0.00,0,0,0.00,0.00,0.00,0,0,0.00,0.00,0,0
1567146402,s2-eth1,0.00,0.00,0.00,0,0,0.00,0.00,0.00,0,0,0.00,0.00,0,0
1567146402,lo,0.00,0.00,0.00,0,0,0.00,0.00,0.00,0,0,0.00,0.00,0,0
1567146402,s4,0.00,0.00,0.00,0,0,0.00,0.00,0.00,0,0,0.00,0.00,0,0
1567146402,total,6289490.00,6286388.00,12575878.00,6286388,6289490,6085.00,6082.00,12167.00,6082,6085,0.00,0.00,0,0
1567146403,s5,0.00,0.00,0.00,0,0,0.00,0.00,0.00,0,0,0.00,0.00,0,0
1567146403,s1,0.00,0.00,0.00,0,0,0.00,0.00,0.00,0,0,0.00,0.00,0,0
1567146403,eth0,0.00,0.00,0.00,0,0,0.00,0.00,0.00,0,0,0.00,0.00,0,0
1567146403,eth1,0.00,0.00,0.00,0,0,0.00,0.00,0.00,0,0,0.00,0.00,0,0
1567146403,s2,0.00,0.00,0.00,0,0,0.00,0.00,0.00,0,0,0.00,0.00,0,0
1567146403,s1-eth2,148666.00,6093850.00,6242516.00,6093850,148666,2009.00,4025.00,6034.00,4025,2009,0.00,0.00,0,0
1567146403,s1-eth0,0.00,0.00,0.00,0,0,0.00,0.00,0.00,0,0,0.00,0.00,0,0
1567146403,s1-eth1,6092336.00,148814.00,6241150.00,148814,6092336,4024.00,2011.00,6035.00,2011,4024,0.00,0.00,0,0
1567146403,s3,0.00,0.00,0.00,0,0,0.00,0.00,0.00,0,0,0.00,0.00,0,0
1567146403,s2-eth1,0.00,0.00,0.00,0,0,0.00,0.00,0.00,0,0,0.00,0.00,0,0
1567146403,lo,172.00,172.00,344.00,172,172,3.00,3.00,6.00,3,3,0.00,0.00,0,0
1567146403,s4,0.00,0.00,0.00,0,0,0.00,0.00,0.00,0,0,0.00,0.00,0,0
1567146403,total,6241174.00,6242836.00,12484010.00,6242836,6241174,6036.00,6039.00,12075.00,6039,6036,0.00,0.00,0,0
1567146404,s5,0.00,0.00,0.00,0,0,0.00,0.00,0.00,0,0,0.00,0.00,0,0
1567146404,s1,0.00,0.00,0.00,0,0,0.00,0.00,0.00,0,0,0.00,0.00,0,0
1567146404,eth0,0.00,0.00,0.00,0,0,0.00,0.00,0.00,0,0,0.00,0.00,0,0
1567146404,eth1,0.00,0.00,0.00,0,0,0.00,0.00,0.00,0,0,0.00,0.00,0,0
1567146404,s2,0.00,0.00,0.00,0,0,0.00,0.00,0.00,0,0,0.00,0.00,0,0
1567146404,s1-eth2,150442.00,6155924.00,6306366.00,6155924,150442,2033.00,4066.00,6099.00,4066,2033,0.00,0.00,0,0
1567146404,s1-eth0,0.00,0.00,0.00,0,0,0.00,0.00,0.00,0,0,0.00,0.00,0,0
1567146404,s1-eth1,6157438.00,150442.00,6307880.00,150442,6157438,4067.00,2033.00,6100.00,2033,4067,0.00,0.00,0,0
1567146404,s3,0.00,0.00,0.00,0,0,0.00,0.00,0.00,0,0,0.00,0.00,0,0
1567146404,s2-eth1,0.00,0.00,0.00,0,0,0.00,0.00,0.00,0,0,0.00,0.00,0,0
1567146404,lo,0.00,0.00,0.00,0,0,0.00,0.00,0.00,0,0,0.00,0.00,0,0
1567146404,s4,0.00,0.00,0.00,0,0,0.00,0.00,0.00,0,0,0.00,0.00,0,0
1567146404,total,6307880.00,6306366.00,12614246.00,6306366,6307880,6100.00,6099.00,12199.00,6099,6100,0.00,0.00,0,0
1567146405,s5,0.00,0.00,0.00,0,0,0.00,0.00,0.00,0,0,0.00,0.00,0,0
1567146405,s1,0.00,0.00,0.00,0,0,0.00,0.00,0.00,0,0,0.00,0.00,0,0
1567146405,eth0,0.00,0.00,0.00,0,0,0.00,0.00,0.00,0,0,0.00,0.00,0,0
1567146405,eth1,0.00,0.00,0.00,0,0,0.00,0.00,0.00,0,0,0.00,0.00,0,0
1567146405,s2,0.00,0.00,0.00,0,0,0.00,0.00,0.00,0,0,0.00,0.00,0,0
1567146405,s1-eth2,149998.00,6137756.00,6287754.00,6137756,149998,2027.00,4054.00,6081.00,4054,2027,0.00,0.00,0,0
1567146405,s1-eth0,0.00,0.00,0.00,0,0,0.00,0.00,0.00,0,0,0.00,0.00,0,0
1567146405,s1-eth1,6137756.00,149998.00,6287754.00,149998,6137756,4054.00,2027.00,6081.00,2027,4054,0.00,0.00,0,0
1567146405,s3,0.00,0.00,0.00,0,0,0.00,0.00,0.00,0,0,0.00,0.00,0,0
1567146405,s2-eth1,0.00,0.00,0.00,0,0,0.00,0.00,0.00,0,0,0.00,0.00,0,0
1567146405,lo,688.00,688.00,1376.00,688,688,12.00,12.00,24.00,12,12,0.00,0.00,0,0
1567146405,s4,0.00,0.00,0.00,0,0,0.00,0.00,0.00,0,0,0.00,0.00,0,0
1567146405,total,6288442.00,6288442.00,12576884.00,6288442,6288442,6093.00,6093.00,12186.00,6093,6093,0.00,0.00,0,0
1567146406,s5,0.00,0.00,0.00,0,0,0.00,0.00,0.00,0,0,0.00,0.00,0,0
1567146406,s1,0.00,0.00,0.00,0,0,0.00,0.00,0.00,0,0,0.00,0.00,0,0
1567146406,eth0,0.00,0.00,0.00,0,0,0.00,0.00,0.00,0,0,0.00,0.00,0,0
1567146406,eth1,0.00,0.00,0.00,0,0,0.00,0.00,0.00,0,0,0.00,0.00,0,0
1567146406,s2,0.00,0.00,0.00,0,0,0.00,0.00,0.00,0,0,0.00,0.00,0,0
1567146406,s1-eth2,150919.00,6175606.00,6326525.00,6175606,150919,2039.00,4079.00,6118.00,4079,2039,0.00,0.00,0,0
1567146406,s1-eth0,0.00,0.00,0.00,0,0,0.00,0.00,0.00,0,0,0.00,0.00,0,0
1567146406,s1-eth1,6171171.00,150812.00,6321983.00,150812,6171171,4077.00,2038.00,6115.00,2038,4077,0.00,0.00,0,0
1567146406,s3,0.00,0.00,0.00,0,0,0.00,0.00,0.00,0,0,0.00,0.00,0,0
1567146406,s2-eth1,0.00,0.00,0.00,0,0,0.00,0.00,0.00,0,0,0.00,0.00,0,0
1567146406,lo,0.00,0.00,0.00,0,0,0.00,0.00,0.00,0,0,0.00,0.00,0,0
1567146406,s4,0.00,0.00,0.00,0,0,0.00,0.00,0.00,0,0,0.00,0.00,0,0
1567146406,total,6322090.00,6326418.00,12648508.00,6326418,6322090,6116.00,6117.00,12233.00,6117,6116,0.00,0.00,0,0
1567146407,s5,0.00,0.00,0.00,0,0,0.00,0.00,0.00,0,0,0.00,0.00,0,0
1567146407,s1,0.00,0.00,0.00,0,0,0.00,0.00,0.00,0,0,0.00,0.00,0,0
1567146407,eth0,0.00,107.00,107.00,107,0,0.00,1.00,1.00,1,0,0.00,0.00,0,0
1567146407,eth1,107.00,0.00,107.00,0,107,1.00,0.00,1.00,0,1,0.00,0.00,0,0
1567146407,s2,0.00,107.00,107.00,107,0,0.00,1.00,1.00,1,0,0.00,0.00,0,0
1567146407,s1-eth2,150442.00,6155924.00,6306366.00,6155924,150442,2033.00,4066.00,6099.00,4066,2033,0.00,0.00,0,0
1567146407,s1-eth0,107.00,107.00,214.00,107,107,1.00,1.00,2.00,1,1,0.00,0.00,0,0
1567146407,s1-eth1,6155924.00,150442.00,6306366.00,150442,6155924,4066.00,2033.00,6099.00,2033,4066,0.00,0.00,0,0
1567146407,s3,0.00,0.00,0.00,0,0,0.00,0.00,0.00,0,0,0.00,0.00,0,0
1567146407,s2-eth1,107.00,107.00,214.00,107,107,1.00,1.00,2.00,1,1,0.00,0.00,0,0
1567146407,lo,305.00,305.00,610.00,305,305,3.00,3.00,6.00,3,3,0.00,0.00,0,0
1567146407,s4,0.00,0.00,0.00,0,0,0.00,0.00,0.00,0,0,0.00,0.00,0,0
1567146407,total,6306992.00,6307099.00,12614091.00,6307099,6306992,6105.00,6106.00,12211.00,6106,6105,0.00,0.00,0,0
1567146408,s5,0.00,0.00,0.00,0,0,0.00,0.00,0.00,0,0,0.00,0.00,0,0
1567146408,s1,0.00,0.00,0.00,0,0,0.00,0.00,0.00,0,0,0.00,0.00,0,0
1567146408,eth0,0.00,0.00,0.00,0,0,0.00,0.00,0.00,0,0,0.00,0.00,0,0
1567146408,eth1,0.00,0.00,0.00,0,0,0.00,0.00,0.00,0,0,0.00,0.00,0,0
1567146408,s2,0.00,0.00,0.00,0,0,0.00,0.00,0.00,0,0,0.00,0.00,0,0
1567146408,s1-eth2,149850.00,6133214.00,6283064.00,6133214,149850,2025.00,4051.00,6076.00,4051,2025,0.00,0.00,0,0
1567146408,s1-eth0,0.00,0.00,0.00,0,0,0.00,0.00,0.00,0,0,0.00,0.00,0,0
1567146408,s1-eth1,6131700.00,149850.00,6281550.00,149850,6131700,4050.00,2025.00,6075.00,2025,4050,0.00,0.00,0,0
1567146408,s3,0.00,0.00,0.00,0,0,0.00,0.00,0.00,0,0,0.00,0.00,0,0
1567146408,s2-eth1,0.00,0.00,0.00,0,0,0.00,0.00,0.00,0,0,0.00,0.00,0,0
1567146408,lo,172.00,172.00,344.00,172,172,3.00,3.00,6.00,3,3,0.00,0.00,0,0
1567146408,s4,0.00,0.00,0.00,0,0,0.00,0.00,0.00,0,0,0.00,0.00,0,0
1567146408,total,6281722.00,6283236.00,12564958.00,6283236,6281722,6078.00,6079.00,12157.00,6079,6078,0.00,0.00,0,0
1567146409,s5,0.00,0.00,0.00,0,0,0.00,0.00,0.00,0,0,0.00,0.00,0,0
1567146409,s1,0.00,0.00,0.00,0,0,0.00,0.00,0.00,0,0,0.00,0.00,0,0
1567146409,eth0,0.00,0.00,0.00,0,0,0.00,0.00,0.00,0,0,0.00,0.00,0,0
1567146409,eth1,0.00,0.00,0.00,0,0,0.00,0.00,0.00,0,0,0.00,0.00,0,0
1567146409,s2,0.00,0.00,0.00,0,0,0.00,0.00,0.00,0,0,0.00,0.00,0,0
1567146409,s1-eth2,150294.00,6148354.00,6298648.00,6148354,150294,2031.00,4061.00,6092.00,4061,2031,0.00,0.00,0,0
1567146409,s1-eth0,0.00,0.00,0.00,0,0,0.00,0.00,0.00,0,0,0.00,0.00,0,0
1567146409,s1-eth1,6148354.00,150294.00,6298648.00,150294,6148354,4061.00,2031.00,6092.00,2031,4061,0.00,0.00,0,0
1567146409,s3,0.00,0.00,0.00,0,0,0.00,0.00,0.00,0,0,0.00,0.00,0,0
1567146409,s2-eth1,0.00,0.00,0.00,0,0,0.00,0.00,0.00,0,0,0.00,0.00,0,0
1567146409,lo,0.00,0.00,0.00,0,0,0.00,0.00,0.00,0,0,0.00,0.00,0,0
1567146409,s4,0.00,0.00,0.00,0,0,0.00,0.00,0.00,0,0,0.00,0.00,0,0
1567146409,total,6298648.00,6298648.00,12597296.00,6298648,6298648,6092.00,6092.00,12184.00,6092,6092,0.00,0.00,0,0
1567146410,s5,0.00,0.00,0.00,0,0,0.00,0.00,0.00,0,0,0.00,0.00,0,0
1567146410,s1,0.00,0.00,0.00,0,0,0.00,0.00,0.00,0,0,0.00,0.00,0,0
1567146410,eth0,0.00,0.00,0.00,0,0,0.00,0.00,0.00,0,0,0.00,0.00,0,0
1567146410,eth1,0.00,0.00,0.00,0,0,0.00,0.00,0.00,0,0,0.00,0.00,0,0
1567146410,s2,0.00,0.00,0.00,0,0,0.00,0.00,0.00,0,0,0.00,0.00,0,0
1567146410,s1-eth2,151626.00,6205886.00,6357512.00,6205886,151626,2049.00,4099.00,6148.00,4099,2049,0.00,0.00,0,0
1567146410,s1-eth0,0.00,0.00,0.00,0,0,0.00,0.00,0.00,0,0,0.00,0.00,0,0
1567146410,s1-eth1,6205886.00,151626.00,6357512.00,151626,6205886,4099.00,2049.00,6148.00,2049,4099,0.00,0.00,0,0
1567146410,s3,0.00,0.00,0.00,0,0,0.00,0.00,0.00,0,0,0.00,0.00,0,0
1567146410,s2-eth1,0.00,0.00,0.00,0,0,0.00,0.00,0.00,0,0,0.00,0.00,0,0
1567146410,lo,516.00,516.00,1032.00,516,516,9.00,9.00,18.00,9,9,0.00,0.00,0,0
1567146410,s4,0.00,0.00,0.00,0,0,0.00,0.00,0.00,0,0,0.00,0.00,0,0
1567146410,total,6358028.00,6358028.00,12716056.00,6358028,6358028,6157.00,6157.00,12314.00,6157,6157,0.00,0.00,0,0
1567146411,s5,0.00,0.00,0.00,0,0,0.00,0.00,0.00,0,0,0.00,0.00,0,0
1567146411,s1,0.00,0.00,0.00,0,0,0.00,0.00,0.00,0,0,0.00,0.00,0,0
1567146411,eth0,0.00,0.00,0.00,0,0,0.00,0.00,0.00,0,0,0.00,0.00,0,0
1567146411,eth1,0.00,0.00,0.00,0,0,0.00,0.00,0.00,0,0,0.00,0.00,0,0
1567146411,s2,0.00,342.00,342.00,342,0,0.00,1.00,1.00,1,0,0.00,0.00,0,0
1567146411,s1-eth2,150664.00,6161980.00,6312644.00,6161980,150664,2036.00,4070.00,6106.00,4070,2036,0.00,0.00,0,0
1567146411,s1-eth0,342.00,0.00,342.00,0,342,1.00,0.00,1.00,0,1,0.00,0.00,0,0
1567146411,s1-eth1,6163494.00,150664.00,6314158.00,150664,6163494,4071.00,2036.00,6107.00,2036,4071,0.00,0.00,0,0
1567146411,s3,0.00,0.00,0.00,0,0,0.00,0.00,0.00,0,0,0.00,0.00,0,0
1567146411,s2-eth1,0.00,342.00,342.00,342,0,0.00,1.00,1.00,1,0,0.00,0.00,0,0
1567146411,lo,326.00,326.00,652.00,326,326,3.00,3.00,6.00,3,3,0.00,0.00,0,0
1567146411,s4,0.00,0.00,0.00,0,0,0.00,0.00,0.00,0,0,0.00,0.00,0,0
1567146411,total,6314826.00,6313654.00,12628480.00,6313654,6314826,6111.00,6111.00,12222.00,6111,6111,0.00,0.00,0,0
1567146412,s5,0.00,0.00,0.00,0,0,0.00,0.00,0.00,0,0,0.00,0.00,0,0
1567146412,s1,0.00,0.00,0.00,0,0,0.00,0.00,0.00,0,0,0.00,0.00,0,0
1567146412,eth0,0.00,0.00,0.00,0,0,0.00,0.00,0.00,0,0,0.00,0.00,0,0
1567146412,eth1,0.00,0.00,0.00,0,0,0.00,0.00,0.00,0,0,0.00,0.00,0,0
1567146412,s2,0.00,0.00,0.00,0,0,0.00,0.00,0.00,0,0,0.00,0.00,0,0
1567146412,s1-eth2,148666.00,6077196.00,6225862.00,6077196,148666,2009.00,4014.00,6023.00,4014,2009,0.00,0.00,0,0
1567146412,s1-eth0,0.00,342.00,342.00,342,0,0.00,1.00,1.00,1,0,0.00,0.00,0,0
1567146412,s1-eth1,6074168.00,148518.00,6222686.00,148518,6074168,4012.00,2007.00,6019.00,2007,4012,0.00,0.00,0,0
1567146412,s3,0.00,0.00,0.00,0,0,0.00,0.00,0.00,0,0,0.00,0.00,0,0
1567146412,s2-eth1,342.00,0.00,342.00,0,342,1.00,0.00,1.00,0,1,0.00,0.00,0,0
1567146412,lo,0.00,0.00,0.00,0,0,0.00,0.00,0.00,0,0,0.00,0.00,0,0
1567146412,s4,0.00,0.00,0.00,0,0,0.00,0.00,0.00,0,0,0.00,0.00,0,0
1567146412,total,6223176.00,6226056.00,12449232.00,6226056,6223176,6022.00,6022.00,12044.00,6022,6022,0.00,0.00,0,0
1567146413,s5,0.00,0.00,0.00,0,0,0.00,0.00,0.00,0,0,0.00,0.00,0,0
1567146413,s1,0.00,0.00,0.00,0,0,0.00,0.00,0.00,0,0,0.00,0.00,0,0
1567146413,eth0,0.00,0.00,0.00,0,0,0.00,0.00,0.00,0,0,0.00,0.00,0,0
1567146413,eth1,0.00,0.00,0.00,0,0,0.00,0.00,0.00,0,0,0.00,0.00,0,0
1567146413,s2,0.00,0.00,0.00,0,0,0.00,0.00,0.00,0,0,0.00,0.00,0,0
1567146413,s1-eth2,149184.00,6108990.00,6258174.00,6108990,149184,2016.00,4035.00,6051.00,4035,2016,0.00,0.00,0,0
1567146413,s1-eth0,0.00,0.00,0.00,0,0,0.00,0.00,0.00,0,0,0.00,0.00,0,0
1567146413,s1-eth1,6110504.00,149258.00,6259762.00,149258,6110504,4036.00,2017.00,6053.00,2017,4036,0.00,0.00,0,0
1567146413,s3,0.00,0.00,0.00,0,0,0.00,0.00,0.00,0,0,0.00,0.00,0,0
1567146413,s2-eth1,0.00,0.00,0.00,0,0,0.00,0.00,0.00,0,0,0.00,0.00,0,0
1567146413,lo,172.00,172.00,344.00,172,172,3.00,3.00,6.00,3,3,0.00,0.00,0,0
1567146413,s4,0.00,0.00,0.00,0,0,0.00,0.00,0.00,0,0,0.00,0.00,0,0
1567146413,total,6259860.00,6258420.00,12518280.00,6258420,6259860,6055.00,6055.00,12110.00,6055,6055,0.00,0.00,0,0
1567146414,s5,0.00,0.00,0.00,0,0,0.00,0.00,0.00,0,0,0.00,0.00,0,0
1567146414,s1,0.00,0.00,0.00,0,0,0.00,0.00,0.00,0,0,0.00,0.00,0,0
1567146414,eth0,0.00,0.00,0.00,0,0,0.00,0.00,0.00,0,0,0.00,0.00,0,0
1567146414,eth1,0.00,0.00,0.00,0,0,0.00,0.00,0.00,0,0,0.00,0.00,0,0
1567146414,s2,0.00,0.00,0.00,0,0,0.00,0.00,0.00,0,0,0.00,0.00,0,0
1567146414,s1-eth2,149628.00,6127158.00,6276786.00,6127158,149628,2022.00,4047.00,6069.00,4047,2022,0.00,0.00,0,0
1567146414,s1-eth0,0.00,0.00,0.00,0,0,0.00,0.00,0.00,0,0,0.00,0.00,0,0
1567146414,s1-eth1,6127158.00,149702.00,6276860.00,149702,6127158,4047.00,2023.00,6070.00,2023,4047,0.00,0.00,0,0
1567146414,s3,0.00,0.00,0.00,0,0,0.00,0.00,0.00,0,0,0.00,0.00,0,0
1567146414,s2-eth1,0.00,0.00,0.00,0,0,0.00,0.00,0.00,0,0,0.00,0.00,0,0
1567146414,lo,0.00,0.00,0.00,0,0,0.00,0.00,0.00,0,0,0.00,0.00,0,0
1567146414,s4,0.00,0.00,0.00,0,0,0.00,0.00,0.00,0,0,0.00,0.00,0,0
1567146414,total,6276786.00,6276860.00,12553646.00,6276860,6276786,6069.00,6070.00,12139.00,6070,6069,0.00,0.00,0,0
1567146415,s5,0.00,0.00,0.00,0,0,0.00,0.00,0.00,0,0,0.00,0.00,0,0
1567146415,s1,0.00,0.00,0.00,0,0,0.00,0.00,0.00,0,0,0.00,0.00,0,0
1567146415,eth0,0.00,0.00,0.00,0,0,0.00,0.00,0.00,0,0,0.00,0.00,0,0
1567146415,eth1,0.00,0.00,0.00,0,0,0.00,0.00,0.00,0,0,0.00,0.00,0,0
1567146415,s2,0.00,0.00,0.00,0,0,0.00,0.00,0.00,0,0,0.00,0.00,0,0
1567146415,s1-eth2,149110.00,6093850.00,6242960.00,6093850,149110,2015.00,4025.00,6040.00,4025,2015,0.00,0.00,0,0
1567146415,s1-eth0,0.00,0.00,0.00,0,0,0.00,0.00,0.00,0,0,0.00,0.00,0,0
1567146415,s1-eth1,6099906.00,149036.00,6248942.00,149036,6099906,4029.00,2014.00,6043.00,2014,4029,0.00,0.00,0,0
1567146415,s3,0.00,0.00,0.00,0,0,0.00,0.00,0.00,0,0,0.00,0.00,0,0
1567146415,s2-eth1,0.00,0.00,0.00,0,0,0.00,0.00,0.00,0,0,0.00,0.00,0,0
1567146415,lo,688.00,688.00,1376.00,688,688,12.00,12.00,24.00,12,12,0.00,0.00,0,0
1567146415,s4,0.00,0.00,0.00,0,0,0.00,0.00,0.00,0,0,0.00,0.00,0,0
1567146415,total,6249704.00,6243574.00,12493278.00,6243574,6249704,6056.00,6051.00,12107.00,6051,6056,0.00,0.00,0,0
1567146416,s5,0.00,0.00,0.00,0,0,0.00,0.00,0.00,0,0,0.00,0.00,0,0
1567146416,s1,0.00,0.00,0.00,0,0,0.00,0.00,0.00,0,0,0.00,0.00,0,0
1567146416,eth0,0.00,0.00,0.00,0,0,0.00,0.00,0.00,0,0,0.00,0.00,0,0
1567146416,eth1,0.00,0.00,0.00,0,0,0.00,0.00,0.00,0,0,0.00,0.00,0,0
1567146416,s2,0.00,0.00,0.00,0,0,0.00,0.00,0.00,0,0,0.00,0.00,0,0
1567146416,s1-eth2,151182.00,6189232.00,6340414.00,6189232,151182,2043.00,4088.00,6131.00,4088,2043,0.00,0.00,0,0
1567146416,s1-eth0,0.00,0.00,0.00,0,0,0.00,0.00,0.00,0,0,0.00,0.00,0,0
1567146416,s1-eth1,6188060.00,151256.00,6339316.00,151256,6188060,4088.00,2044.00,6132.00,2044,4088,0.00,0.00,0,0
1567146416,s3,0.00,0.00,0.00,0,0,0.00,0.00,0.00,0,0,0.00,0.00,0,0
1567146416,s2-eth1,0.00,0.00,0.00,0,0,0.00,0.00,0.00,0,0,0.00,0.00,0,0
1567146416,lo,0.00,0.00,0.00,0,0,0.00,0.00,0.00,0,0,0.00,0.00,0,0
1567146416,s4,0.00,0.00,0.00,0,0,0.00,0.00,0.00,0,0,0.00,0.00,0,0
1567146416,total,6339242.00,6340488.00,12679730.00,6340488,6339242,6131.00,6132.00,12263.00,6132,6131,0.00,0.00,0,0
1567146417,s5,0.00,0.00,0.00,0,0,0.00,0.00,0.00,0,0,0.00,0.00,0,0
1567146417,s1,0.00,0.00,0.00,0,0,0.00,0.00,0.00,0,0,0.00,0.00,0,0
1567146417,eth0,0.00,0.00,0.00,0,0,0.00,0.00,0.00,0,0,0.00,0.00,0,0
1567146417,eth1,0.00,0.00,0.00,0,0,0.00,0.00,0.00,0,0,0.00,0.00,0,0
1567146417,s2,0.00,0.00,0.00,0,0,0.00,0.00,0.00,0,0,0.00,0.00,0,0
1567146417,s1-eth2,151182.00,6189232.00,6340414.00,6189232,151182,2043.00,4088.00,6131.00,4088,2043,0.00,0.00,0,0
1567146417,s1-eth0,0.00,0.00,0.00,0,0,0.00,0.00,0.00,0,0,0.00,0.00,0,0
1567146417,s1-eth1,6186204.00,151182.00,6337386.00,151182,6186204,4086.00,2043.00,6129.00,2043,4086,0.00,0.00,0,0
1567146417,s3,0.00,0.00,0.00,0,0,0.00,0.00,0.00,0,0,0.00,0.00,0,0
1567146417,s2-eth1,0.00,0.00,0.00,0,0,0.00,0.00,0.00,0,0,0.00,0.00,0,0
1567146417,lo,0.00,0.00,0.00,0,0,0.00,0.00,0.00,0,0,0.00,0.00,0,0
1567146417,s4,0.00,0.00,0.00,0,0,0.00,0.00,0.00,0,0,0.00,0.00,0,0
1567146417,total,6337386.00,6340414.00,12677800.00,6340414,6337386,6129.00,6131.00,12260.00,6131,6129,0.00,0.00,0,0
1567146418,s5,0.00,0.00,0.00,0,0,0.00,0.00,0.00,0,0,0.00,0.00,0,0
1567146418,s1,0.00,0.00,0.00,0,0,0.00,0.00,0.00,0,0,0.00,0.00,0,0
1567146418,eth0,0.00,0.00,0.00,0,0,0.00,0.00,0.00,0,0,0.00,0.00,0,0
1567146418,eth1,0.00,0.00,0.00,0,0,0.00,0.00,0.00,0,0,0.00,0.00,0,0
1567146418,s2,0.00,0.00,0.00,0,0,0.00,0.00,0.00,0,0,0.00,0.00,0,0
1567146418,s1-eth2,150442.00,6155924.00,6306366.00,6155924,150442,2033.00,4066.00,6099.00,4066,2033,0.00,0.00,0,0
1567146418,s1-eth0,0.00,0.00,0.00,0,0,0.00,0.00,0.00,0,0,0.00,0.00,0,0
1567146418,s1-eth1,6154410.00,150442.00,6304852.00,150442,6154410,4065.00,2033.00,6098.00,2033,4065,0.00,0.00,0,0
1567146418,s3,0.00,0.00,0.00,0,0,0.00,0.00,0.00,0,0,0.00,0.00,0,0
1567146418,s2-eth1,0.00,0.00,0.00,0,0,0.00,0.00,0.00,0,0,0.00,0.00,0,0
1567146418,lo,172.00,172.00,344.00,172,172,3.00,3.00,6.00,3,3,0.00,0.00,0,0
1567146418,s4,0.00,0.00,0.00,0,0,0.00,0.00,0.00,0,0,0.00,0.00,0,0
1567146418,total,6305024.00,6306538.00,12611562.00,6306538,6305024,6101.00,6102.00,12203.00,6102,6101,0.00,0.00,0,0
1567146419,s5,0.00,0.00,0.00,0,0,0.00,0.00,0.00,0,0,0.00,0.00,0,0
1567146419,s1,0.00,0.00,0.00,0,0,0.00,0.00,0.00,0,0,0.00,0.00,0,0
1567146419,eth0,0.00,0.00,0.00,0,0,0.00,0.00,0.00,0,0,0.00,0.00,0,0
1567146419,eth1,0.00,0.00,0.00,0,0,0.00,0.00,0.00,0,0,0.00,0.00,0,0
1567146419,s2,0.00,0.00,0.00,0,0,0.00,0.00,0.00,0,0,0.00,0.00,0,0
1567146419,s1-eth2,147408.00,6024206.00,6171614.00,6024206,147408,1992.00,3979.00,5971.00,3979,1992,0.00,0.00,0,0
1567146419,s1-eth0,0.00,0.00,0.00,0,0,0.00,0.00,0.00,0,0,0.00,0.00,0,0
1567146419,s1-eth1,6028748.00,147408.00,6176156.00,147408,6028748,3982.00,1992.00,5974.00,1992,3982,0.00,0.00,0,0
1567146419,s3,0.00,0.00,0.00,0,0,0.00,0.00,0.00,0,0,0.00,0.00,0,0
1567146419,s2-eth1,0.00,0.00,0.00,0,0,0.00,0.00,0.00,0,0,0.00,0.00,0,0
1567146419,lo,0.00,0.00,0.00,0,0,0.00,0.00,0.00,0,0,0.00,0.00,0,0
1567146419,s4,0.00,0.00,0.00,0,0,0.00,0.00,0.00,0,0,0.00,0.00,0,0
1567146419,total,6176156.00,6171614.00,12347770.00,6171614,6176156,5974.00,5971.00,11945.00,5971,5974,0.00,0.00,0,0
1567146420,s5,0.00,0.00,0.00,0,0,0.00,0.00,0.00,0,0,0.00,0.00,0,0
1567146420,s1,0.00,0.00,0.00,0,0,0.00,0.00,0.00,0,0,0.00,0.00,0,0
1567146420,eth0,0.00,0.00,0.00,0,0,0.00,0.00,0.00,0,0,0.00,0.00,0,0
1567146420,eth1,0.00,0.00,0.00,0,0,0.00,0.00,0.00,0,0,0.00,0.00,0,0
1567146420,s2,0.00,0.00,0.00,0,0,0.00,0.00,0.00,0,0,0.00,0.00,0,0
1567146420,s1-eth2,149776.00,6124130.00,6273906.00,6124130,149776,2024.00,4045.00,6069.00,4045,2024,0.00,0.00,0,0
1567146420,s1-eth0,0.00,0.00,0.00,0,0,0.00,0.00,0.00,0,0,0.00,0.00,0,0
1567146420,s1-eth1,6128672.00,149776.00,6278448.00,149776,6128672,4048.00,2024.00,6072.00,2024,4048,0.00,0.00,0,0
1567146420,s3,0.00,0.00,0.00,0,0,0.00,0.00,0.00,0,0,0.00,0.00,0,0
1567146420,s2-eth1,0.00,0.00,0.00,0,0,0.00,0.00,0.00,0,0,0.00,0.00,0,0
1567146420,lo,688.00,688.00,1376.00,688,688,12.00,12.00,24.00,12,12,0.00,0.00,0,0
1567146420,s4,0.00,0.00,0.00,0,0,0.00,0.00,0.00,0,0,0.00,0.00,0,0
1567146420,total,6279136.00,6274594.00,12553730.00,6274594,6279136,6084.00,6081.00,12165.00,6081,6084,0.00,0.00,0,0
1567146421,s5,0.00,0.00,0.00,0,0,0.00,0.00,0.00,0,0,0.00,0.00,0,0
1567146421,s1,0.00,0.00,0.00,0,0,0.00,0.00,0.00,0,0,0.00,0.00,0,0
1567146421,eth0,0.00,0.00,0.00,0,0,0.00,0.00,0.00,0,0,0.00,0.00,0,0
1567146421,eth1,0.00,0.00,0.00,0,0,0.00,0.00,0.00,0,0,0.00,0.00,0,0
1567146421,s2,0.00,0.00,0.00,0,0,0.00,0.00,0.00,0,0,0.00,0.00,0,0
1567146421,s1-eth2,149850.00,6130186.00,6280036.00,6130186,149850,2025.00,4049.00,6074.00,4049,2025,0.00,0.00,0,0
1567146421,s1-eth0,0.00,0.00,0.00,0,0,0.00,0.00,0.00,0,0,0.00,0.00,0,0
1567146421,s1-eth1,6130186.00,149850.00,6280036.00,149850,6130186,4049.00,2025.00,6074.00,2025,4049,0.00,0.00,0,0
1567146421,s3,0.00,0.00,0.00,0,0,0.00,0.00,0.00,0,0,0.00,0.00,0,0
1567146421,s2-eth1,0.00,0.00,0.00,0,0,0.00,0.00,0.00,0,0,0.00,0.00,0,0
1567146421,lo,0.00,0.00,0.00,0,0,0.00,0.00,0.00,0,0,0.00,0.00,0,0
1567146421,s4,0.00,0.00,0.00,0,0,0.00,0.00,0.00,0,0,0.00,0.00,0,0
1567146421,total,6280036.00,6280036.00,12560072.00,6280036,6280036,6074.00,6074.00,12148.00,6074,6074,0.00,0.00,0,0
1567146422,s5,0.00,0.00,0.00,0,0,0.00,0.00,0.00,0,0,0.00,0.00,0,0
1567146422,s1,0.00,0.00,0.00,0,0,0.00,0.00,0.00,0,0,0.00,0.00,0,0
1567146422,eth0,0.00,0.00,0.00,0,0,0.00,0.00,0.00,0,0,0.00,0.00,0,0
1567146422,eth1,0.00,0.00,0.00,0,0,0.00,0.00,0.00,0,0,0.00,0.00,0,0
1567146422,s2,0.00,640.00,640.00,640,0,0.00,4.00,4.00,4,0,0.00,0.00,0,0
1567146422,s1-eth2,142388.00,5806190.00,5948578.00,5806190,142388,1920.00,3835.00,5755.00,3835,1920,0.00,0.00,0,0
1567146422,s1-eth0,640.00,640.00,1280.00,640,640,4.00,4.00,8.00,4,4,0.00,0.00,0,0
1567146422,s1-eth1,5804896.00,141858.00,5946754.00,141858,5804896,3836.00,1917.00,5753.00,1917,3836,0.00,0.00,0,0
1567146422,s3,0.00,0.00,0.00,0,0,0.00,0.00,0.00,0,0,0.00,0.00,0,0
1567146422,s2-eth1,640.00,640.00,1280.00,640,640,4.00,4.00,8.00,4,4,0.00,0.00,0,0
1567146422,lo,1218.00,1218.00,2436.00,1218,1218,12.00,12.00,24.00,12,12,0.00,0.00,0,0
1567146422,s4,0.00,0.00,0.00,0,0,0.00,0.00,0.00,0,0,0.00,0.00,0,0
1567146422,total,5949782.00,5951186.00,11900968.00,5951186,5949782,5776.00,5776.00,11552.00,5776,5776,0.00,0.00,0,0
1567146423,s5,0.00,0.00,0.00,0,0,0.00,0.00,0.00,0,0,0.00,0.00,0,0
1567146423,s1,0.00,0.00,0.00,0,0,0.00,0.00,0.00,0,0,0.00,0.00,0,0
1567146423,eth0,0.00,0.00,0.00,0,0,0.00,0.00,0.00,0,0,0.00,0.00,0,0
1567146423,eth1,0.00,0.00,0.00,0,0,0.00,0.00,0.00,0,0,0.00,0.00,0,0
1567146423,s2,0.00,852.00,852.00,852,0,0.00,6.00,6.00,6,0,0.00,0.00,0,0
1567146423,s1-eth2,151008.00,6121102.00,6272110.00,6121102,151008,2030.00,4043.00,6073.00,4043,2030,0.00,0.00,0,0
1567146423,s1-eth0,852.00,1324.00,2176.00,1324,852,6.00,8.00,14.00,8,6,0.00,0.00,0,0
1567146423,s1-eth1,6119666.00,149554.00,6269220.00,149554,6119666,4043.00,2021.00,6064.00,2021,4043,0.00,0.00,0,0
1567146423,s3,0.00,0.00,0.00,0,0,0.00,0.00,0.00,0,0,0.00,0.00,0,0
1567146423,s2-eth1,1324.00,852.00,2176.00,852,1324,8.00,6.00,14.00,6,8,0.00,0.00,0,0
1567146423,lo,1973.00,1973.00,3946.00,1973,1973,21.00,21.00,42.00,21,21,0.00,0.00,0,0
1567146423,s4,0.00,0.00,0.00,0,0,0.00,0.00,0.00,0,0,0.00,0.00,0,0
1567146423,total,6274823.00,6275657.00,12550480.00,6275657,6274823,6108.00,6105.00,12213.00,6105,6108,0.00,0.00,0,0
1567146424,s5,0.00,0.00,0.00,0,0,0.00,0.00,0.00,0,0,0.00,0.00,0,0
1567146424,s1,0.00,0.00,0.00,0,0,0.00,0.00,0.00,0,0,0.00,0.00,0,0
1567146424,eth0,0.00,0.00,0.00,0,0,0.00,0.00,0.00,0,0,0.00,0.00,0,0
1567146424,eth1,0.00,0.00,0.00,0,0,0.00,0.00,0.00,0,0,0.00,0.00,0,0
1567146424,s2,0.00,1192.00,1192.00,1192,0,0.00,5.00,5.00,5,0,0.00,0.00,0,0
1567146424,s1-eth2,149654.00,6071140.00,6220794.00,6071140,149654,2012.00,4010.00,6022.00,4010,2012,0.00,0.00,0,0
1567146424,s1-eth0,1192.00,1156.00,2348.00,1156,1192,5.00,5.00,10.00,5,5,0.00,0.00,0,0
1567146424,s1-eth1,6066863.00,148296.00,6215159.00,148296,6066863,4016.00,2004.00,6020.00,2004,4016,0.00,0.00,0,0
1567146424,s3,0.00,0.00,0.00,0,0,0.00,0.00,0.00,0,0,0.00,0.00,0,0
1567146424,s2-eth1,1156.00,1192.00,2348.00,1192,1156,5.00,5.00,10.00,5,5,0.00,0.00,0,0
1567146424,lo,1574.00,1574.00,3148.00,1574,1574,15.00,15.00,30.00,15,15,0.00,0.00,0,0
1567146424,s4,0.00,0.00,0.00,0,0,0.00,0.00,0.00,0,0,0.00,0.00,0,0
1567146424,total,6220439.00,6224550.00,12444989.00,6224550,6220439,6053.00,6044.00,12097.00,6044,6053,0.00,0.00,0,0
1567146425,s5,0.00,0.00,0.00,0,0,0.00,0.00,0.00,0,0,0.00,0.00,0,0
1567146425,s1,0.00,0.00,0.00,0,0,0.00,0.00,0.00,0,0,0.00,0.00,0,0
1567146425,eth0,0.00,0.00,0.00,0,0,0.00,0.00,0.00,0,0,0.00,0.00,0,0
1567146425,eth1,0.00,0.00,0.00,0,0,0.00,0.00,0.00,0,0,0.00,0.00,0,0
1567146425,s2,0.00,874.00,874.00,874,0,0.00,3.00,3.00,3,0,0.00,0.00,0,0
1567146425,s1-eth2,148193.00,6048472.00,6196665.00,6048472,148193,1996.00,3996.00,5992.00,3996,1996,0.00,0.00,0,0
1567146425,s1-eth0,874.00,327.00,1201.00,327,874,3.00,1.00,4.00,1,3,0.00,0.00,0,0
1567146425,s1-eth1,6047659.00,147746.00,6195405.00,147746,6047659,3998.00,1997.00,5995.00,1997,3998,0.00,0.00,0,0
1567146425,s3,0.00,0.00,0.00,0,0,0.00,0.00,0.00,0,0,0.00,0.00,0,0
1567146425,s2-eth1,327.00,874.00,1201.00,874,327,1.00,3.00,4.00,3,1,0.00,0.00,0,0
1567146425,lo,1790.00,1790.00,3580.00,1790,1790,21.00,21.00,42.00,21,21,0.00,0.00,0,0
1567146425,s4,0.00,0.00,0.00,0,0,0.00,0.00,0.00,0,0,0.00,0.00,0,0
1567146425,total,6198843.00,6200083.00,12398926.00,6200083,6198843,6019.00,6021.00,12040.00,6021,6019,0.00,0.00,0,0
1567146426,s5,0.00,0.00,0.00,0,0,0.00,0.00,0.00,0,0,0.00,0.00,0,0
1567146426,s1,0.00,0.00,0.00,0,0,0.00,0.00,0.00,0,0,0.00,0.00,0,0
1567146426,eth0,0.00,0.00,0.00,0,0,0.00,0.00,0.00,0,0,0.00,0.00,0,0
1567146426,eth1,0.00,0.00,0.00,0,0,0.00,0.00,0.00,0,0,0.00,0.00,0,0
1567146426,s2,0.00,0.00,0.00,0,0,0.00,0.00,0.00,0,0,0.00,0.00,0,0
1567146426,s1-eth2,149883.00,6130186.00,6280069.00,6130186,149883,2025.00,4049.00,6074.00,4049,2025,0.00,0.00,0,0
1567146426,s1-eth0,0.00,449.00,449.00,449,0,0.00,2.00,2.00,2,0,0.00,0.00,0,0
1567146426,s1-eth1,6130513.00,149776.00,6280289.00,149776,6130513,4050.00,2024.00,6074.00,2024,4050,0.00,0.00,0,0
1567146426,s3,0.00,0.00,0.00,0,0,0.00,0.00,0.00,0,0,0.00,0.00,0,0
1567146426,s2-eth1,449.00,0.00,449.00,0,449,2.00,0.00,2.00,0,2,0.00,0.00,0,0
1567146426,lo,0.00,0.00,0.00,0,0,0.00,0.00,0.00,0,0,0.00,0.00,0,0
1567146426,s4,0.00,0.00,0.00,0,0,0.00,0.00,0.00,0,0,0.00,0.00,0,0
1567146426,total,6280845.00,6280411.00,12561256.00,6280411,6280845,6077.00,6075.00,12152.00,6075,6077,0.00,0.00,0,0
1567146427,s5,0.00,0.00,0.00,0,0,0.00,0.00,0.00,0,0,0.00,0.00,0,0
1567146427,s1,0.00,0.00,0.00,0,0,0.00,0.00,0.00,0,0,0.00,0.00,0,0
1567146427,eth0,0.00,0.00,0.00,0,0,0.00,0.00,0.00,0,0,0.00,0.00,0,0
1567146427,eth1,0.00,0.00,0.00,0,0,0.00,0.00,0.00,0,0,0.00,0.00,0,0
1567146427,s2,0.00,944.00,944.00,944,0,0.00,4.00,4.00,4,0,0.00,0.00,0,0
1567146427,s1-eth2,148886.00,6052972.00,6201858.00,6052972,148886,2006.00,3998.00,6004.00,3998,2006,0.00,0.00,0,0
1567146427,s1-eth0,944.00,664.00,1608.00,664,944,4.00,3.00,7.00,3,4,0.00,0.00,0,0
1567146427,s1-eth1,6054860.00,148074.00,6202934.00,148074,6054860,4001.00,2001.00,6002.00,2001,4001,0.00,0.00,0,0
1567146427,s3,0.00,0.00,0.00,0,0,0.00,0.00,0.00,0,0,0.00,0.00,0,0
1567146427,s2-eth1,664.00,944.00,1608.00,944,664,3.00,4.00,7.00,4,3,0.00,0.00,0,0
1567146427,lo,1246.00,1246.00,2492.00,1246,1246,12.00,12.00,24.00,12,12,0.00,0.00,0,0
1567146427,s4,0.00,0.00,0.00,0,0,0.00,0.00,0.00,0,0,0.00,0.00,0,0
1567146427,total,6206600.00,6204844.00,12411444.00,6204844,6206600,6026.00,6022.00,12048.00,6022,6026,0.00,0.00,0,0
1567146428,s5,0.00,0.00,0.00,0,0,0.00,0.00,0.00,0,0,0.00,0.00,0,0
1567146428,s1,0.00,0.00,0.00,0,0,0.00,0.00,0.00,0,0,0.00,0.00,0,0
1567146428,eth0,0.00,0.00,0.00,0,0,0.00,0.00,0.00,0,0,0.00,0.00,0,0
1567146428,eth1,0.00,0.00,0.00,0,0,0.00,0.00,0.00,0,0,0.00,0.00,0,0
1567146428,s2,0.00,0.00,0.00,0,0,0.00,0.00,0.00,0,0,0.00,0.00,0,0
1567146428,s1-eth2,149848.16,6136162.00,6286010.00,6142298,149998,2024.98,4052.95,6077.92,4057,2027,0.00,0.00,0,0
1567146428,s1-eth0,0.00,0.00,0.00,0,0,0.00,0.00,0.00,0,0,0.00,0.00,0,0
1567146428,s1-eth1,6136558.50,149996.02,6286554.50,150146,6142695,4054.95,2026.97,6081.92,2029,4059,0.00,0.00,0,0
1567146428,s3,0.00,0.00,0.00,0,0,0.00,0.00,0.00,0,0,0.00,0.00,0,0
1567146428,s2-eth1,0.00,0.00,0.00,0,0,0.00,0.00,0.00,0,0,0.00,0.00,0,0
1567146428,lo,0.00,0.00,0.00,0,0,0.00,0.00,0.00,0,0,0.00,0.00,0,0
1567146428,s4,0.00,0.00,0.00,0,0,0.00,0.00,0.00,0,0,0.00,0.00,0,0
1567146428,total,6286407.00,6286158.00,12572565.00,6292444,6292693,6079.92,6079.92,12159.84,6086,6086,0.00,0.00,0,0
1567146429,s5,0.00,0.00,0.00,0,0,0.00,0.00,0.00,0,0,0.00,0.00,0,0
1567146429,s1,0.00,0.00,0.00,0,0,0.00,0.00,0.00,0,0,0.00,0.00,0,0
1567146429,eth0,0.00,0.00,0.00,0,0,0.00,0.00,0.00,0,0,0.00,0.00,0,0
1567146429,eth1,0.00,0.00,0.00,0,0,0.00,0.00,0.00,0,0,0.00,0.00,0,0
1567146429,s2,0.00,0.00,0.00,0,0,0.00,0.00,0.00,0,0,0.00,0.00,0,0
1567146429,s1-eth2,149332.00,6115046.00,6264378.00,6115046,149332,2018.00,4039.00,6057.00,4039,2018,0.00,0.00,0,0
1567146429,s1-eth0,0.00,0.00,0.00,0,0,0.00,0.00,0.00,0,0,0.00,0.00,0,0
1567146429,s1-eth1,6115046.00,149258.00,6264304.00,149258,6115046,4039.00,2017.00,6056.00,2017,4039,0.00,0.00,0,0
1567146429,s3,0.00,0.00,0.00,0,0,0.00,0.00,0.00,0,0,0.00,0.00,0,0
1567146429,s2-eth1,0.00,0.00,0.00,0,0,0.00,0.00,0.00,0,0,0.00,0.00,0,0
1567146429,lo,0.00,0.00,0.00,0,0,0.00,0.00,0.00,0,0,0.00,0.00,0,0
1567146429,s4,0.00,0.00,0.00,0,0,0.00,0.00,0.00,0,0,0.00,0.00,0,0
1567146429,total,6264378.00,6264304.00,12528682.00,6264304,6264378,6057.00,6056.00,12113.00,6056,6057,0.00,0.00,0,0
1567146430,s5,0.00,0.00,0.00,0,0,0.00,0.00,0.00,0,0,0.00,0.00,0,0
1567146430,s1,0.00,0.00,0.00,0,0,0.00,0.00,0.00,0,0,0.00,0.00,0,0
1567146430,eth0,0.00,0.00,0.00,0,0,0.00,0.00,0.00,0,0,0.00,0.00,0,0
1567146430,eth1,0.00,0.00,0.00,0,0,0.00,0.00,0.00,0,0,0.00,0.00,0,0
1567146430,s2,0.00,0.00,0.00,0,0,0.00,0.00,0.00,0,0,0.00,0.00,0,0
1567146430,s1-eth2,151141.00,6177120.00,6328261.00,6177120,151141,2042.00,4080.00,6122.00,4080,2042,0.00,0.00,0,0
1567146430,s1-eth0,0.00,449.00,449.00,449,0,0.00,2.00,2.00,2,0,0.00,0.00,0,0
1567146430,s1-eth1,6174092.00,150960.00,6325052.00,150960,6174092,4078.00,2040.00,6118.00,2040,4078,0.00,0.00,0,0
1567146430,s3,0.00,0.00,0.00,0,0,0.00,0.00,0.00,0,0,0.00,0.00,0,0
1567146430,s2-eth1,449.00,0.00,449.00,0,449,2.00,0.00,2.00,0,2,0.00,0.00,0,0
1567146430,lo,688.00,688.00,1376.00,688,688,12.00,12.00,24.00,12,12,0.00,0.00,0,0
1567146430,s4,0.00,0.00,0.00,0,0,0.00,0.00,0.00,0,0,0.00,0.00,0,0
1567146430,total,6326370.00,6329217.00,12655587.00,6329217,6326370,6134.00,6134.00,12268.00,6134,6134,0.00,0.00,0,0
1567146431,s5,0.00,0.00,0.00,0,0,0.00,0.00,0.00,0,0,0.00,0.00,0,0
1567146431,s1,0.00,0.00,0.00,0,0,0.00,0.00,0.00,0,0,0.00,0.00,0,0
1567146431,eth0,0.00,0.00,0.00,0,0,0.00,0.00,0.00,0,0,0.00,0.00,0,0
1567146431,eth1,0.00,0.00,0.00,0,0,0.00,0.00,0.00,0,0,0.00,0.00,0,0
1567146431,s2,0.00,70.00,70.00,70,0,0.00,1.00,1.00,1,0,0.00,0.00,0,0
1567146431,s1-eth2,149180.00,6099906.00,6249086.00,6099906,149180,2016.00,4029.00,6045.00,4029,2016,0.00,0.00,0,0
1567146431,s1-eth0,70.00,70.00,140.00,70,70,1.00,1.00,2.00,1,1,0.00,0.00,0,0
1567146431,s1-eth1,6101527.00,149184.00,6250711.00,149184,6101527,4031.00,2016.00,6047.00,2016,4031,0.00,0.00,0,0
1567146431,s3,0.00,0.00,0.00,0,0,0.00,0.00,0.00,0,0,0.00,0.00,0,0
1567146431,s2-eth1,70.00,70.00,140.00,70,70,1.00,1.00,2.00,1,1,0.00,0.00,0,0
1567146431,lo,268.00,268.00,536.00,268,268,3.00,3.00,6.00,3,3,0.00,0.00,0,0
1567146431,s4,0.00,0.00,0.00,0,0,0.00,0.00,0.00,0,0,0.00,0.00,0,0
1567146431,total,6251115.00,6249568.00,12500683.00,6249568,6251115,6052.00,6051.00,12103.00,6051,6052,0.00,0.00,0,0
1567146432,s5,0.00,0.00,0.00,0,0,0.00,0.00,0.00,0,0,0.00,0.00,0,0
1567146432,s1,0.00,0.00,0.00,0,0,0.00,0.00,0.00,0,0,0.00,0.00,0,0
1567146432,eth0,0.00,0.00,0.00,0,0,0.00,0.00,0.00,0,0,0.00,0.00,0,0
1567146432,eth1,0.00,0.00,0.00,0,0,0.00,0.00,0.00,0,0,0.00,0.00,0,0
1567146432,s2,0.00,0.00,0.00,0,0,0.00,0.00,0.00,0,0,0.00,0.00,0,0
1567146432,s1-eth2,149332.00,6113532.00,6262864.00,6113532,149332,2018.00,4038.00,6056.00,4038,2018,0.00,0.00,0,0
1567146432,s1-eth0,0.00,0.00,0.00,0,0,0.00,0.00,0.00,0,0,0.00,0.00,0,0
1567146432,s1-eth1,6112088.00,149332.00,6261420.00,149332,6112088,4038.00,2018.00,6056.00,2018,4038,0.00,0.00,0,0
1567146432,s3,0.00,0.00,0.00,0,0,0.00,0.00,0.00,0,0,0.00,0.00,0,0
1567146432,s2-eth1,0.00,0.00,0.00,0,0,0.00,0.00,0.00,0,0,0.00,0.00,0,0
1567146432,lo,0.00,0.00,0.00,0,0,0.00,0.00,0.00,0,0,0.00,0.00,0,0
1567146432,s4,0.00,0.00,0.00,0,0,0.00,0.00,0.00,0,0,0.00,0.00,0,0
1567146432,total,6261420.00,6262864.00,12524284.00,6262864,6261420,6056.00,6056.00,12112.00,6056,6056,0.00,0.00,0,0
1567146433,s5,0.00,0.00,0.00,0,0,0.00,0.00,0.00,0,0,0.00,0.00,0,0
1567146433,s1,0.00,0.00,0.00,0,0,0.00,0.00,0.00,0,0,0.00,0.00,0,0
1567146433,eth0,0.00,0.00,0.00,0,0,0.00,0.00,0.00,0,0,0.00,0.00,0,0
1567146433,eth1,0.00,0.00,0.00,0,0,0.00,0.00,0.00,0,0,0.00,0.00,0,0
1567146433,s2,0.00,342.00,342.00,342,0,0.00,1.00,1.00,1,0,0.00,0.00,0,0
1567146433,s1-eth2,150710.00,6157438.00,6308148.00,6157438,150710,2033.00,4067.00,6100.00,4067,2033,0.00,0.00,0,0
1567146433,s1-eth0,342.00,0.00,342.00,0,342,1.00,0.00,1.00,0,1,0.00,0.00,0,0
1567146433,s1-eth1,6157438.00,150368.00,6307806.00,150368,6157438,4067.00,2032.00,6099.00,2032,4067,0.00,0.00,0,0
1567146433,s3,0.00,0.00,0.00,0,0,0.00,0.00,0.00,0,0,0.00,0.00,0,0
1567146433,s2-eth1,0.00,342.00,342.00,342,0,0.00,1.00,1.00,1,0,0.00,0.00,0,0
1567146433,lo,326.00,326.00,652.00,326,326,3.00,3.00,6.00,3,3,0.00,0.00,0,0
1567146433,s4,0.00,0.00,0.00,0,0,0.00,0.00,0.00,0,0,0.00,0.00,0,0
1567146433,total,6308816.00,6308816.00,12617632.00,6308816,6308816,6104.00,6104.00,12208.00,6104,6104,0.00,0.00,0,0
1567146434,s5,0.00,0.00,0.00,0,0,0.00,0.00,0.00,0,0,0.00,0.00,0,0
1567146434,s1,0.00,0.00,0.00,0,0,0.00,0.00,0.00,0,0,0.00,0.00,0,0
1567146434,eth0,0.00,0.00,0.00,0,0,0.00,0.00,0.00,0,0,0.00,0.00,0,0
1567146434,eth1,0.00,0.00,0.00,0,0,0.00,0.00,0.00,0,0,0.00,0.00,0,0
1567146434,s2,0.00,0.00,0.00,0,0,0.00,0.00,0.00,0,0,0.00,0.00,0,0
1567146434,s1-eth2,151034.00,6178634.00,6329668.00,6178634,151034,2041.00,4081.00,6122.00,4081,2041,0.00,0.00,0,0
1567146434,s1-eth0,0.00,0.00,0.00,0,0,0.00,0.00,0.00,0,0,0.00,0.00,0,0
1567146434,s1-eth1,6178634.00,151034.00,6329668.00,151034,6178634,4081.00,2041.00,6122.00,2041,4081,0.00,0.00,0,0
1567146434,s3,0.00,0.00,0.00,0,0,0.00,0.00,0.00,0,0,0.00,0.00,0,0
1567146434,s2-eth1,0.00,0.00,0.00,0,0,0.00,0.00,0.00,0,0,0.00,0.00,0,0
1567146434,lo,0.00,0.00,0.00,0,0,0.00,0.00,0.00,0,0,0.00,0.00,0,0
1567146434,s4,0.00,0.00,0.00,0,0,0.00,0.00,0.00,0,0,0.00,0.00,0,0
1567146434,total,6329668.00,6329668.00,12659336.00,6329668,6329668,6122.00,6122.00,12244.00,6122,6122,0.00,0.00,0,0
1567146435,s5,0.00,0.00,0.00,0,0,0.00,0.00,0.00,0,0,0.00,0.00,0,0
1567146435,s1,0.00,0.00,0.00,0,0,0.00,0.00,0.00,0,0,0.00,0.00,0,0
1567146435,eth0,0.00,0.00,0.00,0,0,0.00,0.00,0.00,0,0,0.00,0.00,0,0
1567146435,eth1,0.00,0.00,0.00,0,0,0.00,0.00,0.00,0,0,0.00,0.00,0,0
1567146435,s2,0.00,0.00,0.00,0,0,0.00,0.00,0.00,0,0,0.00,0.00,0,0
1567146435,s1-eth2,37678.00,1335724.00,1373402.00,1335724,37678,509.00,886.00,1395.00,886,509,0.00,0.00,0,0
1567146435,s1-eth0,0.00,0.00,0.00,0,0,0.00,0.00,0.00,0,0,0.00,0.00,0,0
1567146435,s1-eth1,1411424.00,36198.00,1447622.00,36198,1411424,936.00,489.00,1425.00,489,936,0.00,0.00,0,0
1567146435,s3,0.00,0.00,0.00,0,0,0.00,0.00,0.00,0,0,0.00,0.00,0,0
1567146435,s2-eth1,0.00,0.00,0.00,0,0,0.00,0.00,0.00,0,0,0.00,0.00,0,0
1567146435,lo,688.00,688.00,1376.00,688,688,12.00,12.00,24.00,12,12,0.00,0.00,0,0
1567146435,s4,0.00,0.00,0.00,0,0,0.00,0.00,0.00,0,0,0.00,0.00,0,0
1567146435,total,1449790.00,1372610.00,2822400.00,1372610,1449790,1457.00,1387.00,2844.00,1387,1457,0.00,0.00,0,0
1567146436,s5,0.00,0.00,0.00,0,0,0.00,0.00,0.00,0,0,0.00,0.00,0,0
1567146436,s1,0.00,0.00,0.00,0,0,0.00,0.00,0.00,0,0,0.00,0.00,0,0
1567146436,eth0,0.00,0.00,0.00,0,0,0.00,0.00,0.00,0,0,0.00,0.00,0,0
1567146436,eth1,0.00,0.00,0.00,0,0,0.00,0.00,0.00,0,0,0.00,0.00,0,0
1567146436,s2,0.00,0.00,0.00,0,0,0.00,0.00,0.00,0,0,0.00,0.00,0,0
1567146436,s1-eth2,0.00,0.00,0.00,0,0,0.00,0.00,0.00,0,0,0.00,0.00,0,0
1567146436,s1-eth0,0.00,0.00,0.00,0,0,0.00,0.00,0.00,0,0,0.00,0.00,0,0
1567146436,s1-eth1,0.00,0.00,0.00,0,0,0.00,0.00,0.00,0,0,0.00,0.00,0,0
1567146436,s3,0.00,0.00,0.00,0,0,0.00,0.00,0.00,0,0,0.00,0.00,0,0
1567146436,s2-eth1,0.00,0.00,0.00,0,0,0.00,0.00,0.00,0,0,0.00,0.00,0,0
1567146436,lo,0.00,0.00,0.00,0,0,0.00,0.00,0.00,0,0,0.00,0.00,0,0
1567146436,s4,0.00,0.00,0.00,0,0,0.00,0.00,0.00,0,0,0.00,0.00,0,0
1567146436,total,0.00,0.00,0.00,0,0,0.00,0.00,0.00,0,0,0.00,0.00,0,0
1567146437,s5,0.00,0.00,0.00,0,0,0.00,0.00,0.00,0,0,0.00,0.00,0,0
1567146437,s1,0.00,0.00,0.00,0,0,0.00,0.00,0.00,0,0,0.00,0.00,0,0
1567146437,eth0,0.00,0.00,0.00,0,0,0.00,0.00,0.00,0,0,0.00,0.00,0,0
1567146437,eth1,0.00,0.00,0.00,0,0,0.00,0.00,0.00,0,0,0.00,0.00,0,0
1567146437,s2,0.00,0.00,0.00,0,0,0.00,0.00,0.00,0,0,0.00,0.00,0,0
1567146437,s1-eth2,0.00,0.00,0.00,0,0,0.00,0.00,0.00,0,0,0.00,0.00,0,0
1567146437,s1-eth0,0.00,0.00,0.00,0,0,0.00,0.00,0.00,0,0,0.00,0.00,0,0
1567146437,s1-eth1,0.00,0.00,0.00,0,0,0.00,0.00,0.00,0,0,0.00,0.00,0,0
1567146437,s3,0.00,0.00,0.00,0,0,0.00,0.00,0.00,0,0,0.00,0.00,0,0
1567146437,s2-eth1,0.00,0.00,0.00,0,0,0.00,0.00,0.00,0,0,0.00,0.00,0,0
1567146437,lo,171.83,171.83,343.66,172,172,3.00,3.00,5.99,3,3,0.00,0.00,0,0
1567146437,s4,0.00,0.00,0.00,0,0,0.00,0.00,0.00,0,0,0.00,0.00,0,0
1567146437,total,171.83,171.83,343.66,172,172,3.00,3.00,5.99,3,3,0.00,0.00,0,0
1567146438,s5,0.00,0.00,0.00,0,0,0.00,0.00,0.00,0,0,0.00,0.00,0,0
1567146438,s1,0.00,0.00,0.00,0,0,0.00,0.00,0.00,0,0,0.00,0.00,0,0
1567146438,eth0,0.00,0.00,0.00,0,0,0.00,0.00,0.00,0,0,0.00,0.00,0,0
1567146438,eth1,0.00,0.00,0.00,0,0,0.00,0.00,0.00,0,0,0.00,0.00,0,0
1567146438,s2,0.00,0.00,0.00,0,0,0.00,0.00,0.00,0,0,0.00,0.00,0,0
1567146438,s1-eth2,106.89,0.00,106.89,0,107,1.00,0.00,1.00,0,1,0.00,0.00,0,0
1567146438,s1-eth0,0.00,448.55,448.55,449,0,0.00,2.00,2.00,2,0,0.00,0.00,0,0
1567146438,s1-eth1,0.00,0.00,0.00,0,0,0.00,0.00,0.00,0,0,0.00,0.00,0,0
1567146438,s3,0.00,0.00,0.00,0,0,0.00,0.00,0.00,0,0,0.00,0.00,0,0
1567146438,s2-eth1,448.55,0.00,448.55,0,449,2.00,0.00,2.00,0,2,0.00,0.00,0,0
1567146438,lo,0.00,0.00,0.00,0,0,0.00,0.00,0.00,0,0,0.00,0.00,0,0
1567146438,s4,0.00,0.00,0.00,0,0,0.00,0.00,0.00,0,0,0.00,0.00,0,0
1567146438,total,555.44,448.55,1004.00,449,556,3.00,2.00,5.00,2,3,0.00,0.00,0,0
1567146439,s5,0.00,0.00,0.00,0,0,0.00,0.00,0.00,0,0,0.00,0.00,0,0
1567146439,s1,0.00,0.00,0.00,0,0,0.00,0.00,0.00,0,0,0.00,0.00,0,0
1567146439,eth0,0.00,0.00,0.00,0,0,0.00,0.00,0.00,0,0,0.00,0.00,0,0
1567146439,eth1,0.00,0.00,0.00,0,0,0.00,0.00,0.00,0,0,0.00,0.00,0,0
1567146439,s2,0.00,0.00,0.00,0,0,0.00,0.00,0.00,0,0,0.00,0.00,0,0
1567146439,s1-eth2,0.00,0.00,0.00,0,0,0.00,0.00,0.00,0,0,0.00,0.00,0,0
1567146439,s1-eth0,0.00,0.00,0.00,0,0,0.00,0.00,0.00,0,0,0.00,0.00,0,0
1567146439,s1-eth1,107.00,0.00,107.00,0,107,1.00,0.00,1.00,0,1,0.00,0.00,0,0
1567146439,s3,0.00,0.00,0.00,0,0,0.00,0.00,0.00,0,0,0.00,0.00,0,0
1567146439,s2-eth1,0.00,0.00,0.00,0,0,0.00,0.00,0.00,0,0,0.00,0.00,0,0
1567146439,lo,0.00,0.00,0.00,0,0,0.00,0.00,0.00,0,0,0.00,0.00,0,0
1567146439,s4,0.00,0.00,0.00,0,0,0.00,0.00,0.00,0,0,0.00,0.00,0,0
1567146439,total,107.00,0.00,107.00,0,107,1.00,0.00,1.00,0,1,0.00,0.00,0,0
1567146440,s5,0.00,0.00,0.00,0,0,0.00,0.00,0.00,0,0,0.00,0.00,0,0
1567146440,s1,0.00,0.00,0.00,0,0,0.00,0.00,0.00,0,0,0.00,0.00,0,0
1567146440,eth0,0.00,0.00,0.00,0,0,0.00,0.00,0.00,0,0,0.00,0.00,0,0
1567146440,eth1,0.00,0.00,0.00,0,0,0.00,0.00,0.00,0,0,0.00,0.00,0,0
1567146440,s2,0.00,0.00,0.00,0,0,0.00,0.00,0.00,0,0,0.00,0.00,0,0
1567146440,s1-eth2,0.00,0.00,0.00,0,0,0.00,0.00,0.00,0,0,0.00,0.00,0,0
1567146440,s1-eth0,0.00,0.00,0.00,0,0,0.00,0.00,0.00,0,0,0.00,0.00,0,0
1567146440,s1-eth1,0.00,0.00,0.00,0,0,0.00,0.00,0.00,0,0,0.00,0.00,0,0
1567146440,s3,0.00,0.00,0.00,0,0,0.00,0.00,0.00,0,0,0.00,0.00,0,0
1567146440,s2-eth1,0.00,0.00,0.00,0,0,0.00,0.00,0.00,0,0,0.00,0.00,0,0
1567146440,lo,688.00,688.00,1376.00,688,688,12.00,12.00,24.00,12,12,0.00,0.00,0,0
1567146440,s4,0.00,0.00,0.00,0,0,0.00,0.00,0.00,0,0,0.00,0.00,0,0
1567146440,total,688.00,688.00,1376.00,688,688,12.00,12.00,24.00,12,12,0.00,0.00,0,0
1567146441,s5,0.00,0.00,0.00,0,0,0.00,0.00,0.00,0,0,0.00,0.00,0,0
1567146441,s1,0.00,0.00,0.00,0,0,0.00,0.00,0.00,0,0,0.00,0.00,0,0
1567146441,eth0,0.00,0.00,0.00,0,0,0.00,0.00,0.00,0,0,0.00,0.00,0,0
1567146441,eth1,0.00,0.00,0.00,0,0,0.00,0.00,0.00,0,0,0.00,0.00,0,0
1567146441,s2,0.00,0.00,0.00,0,0,0.00,0.00,0.00,0,0,0.00,0.00,0,0
1567146441,s1-eth2,0.00,0.00,0.00,0,0,0.00,0.00,0.00,0,0,0.00,0.00,0,0
1567146441,s1-eth0,0.00,0.00,0.00,0,0,0.00,0.00,0.00,0,0,0.00,0.00,0,0
1567146441,s1-eth1,0.00,0.00,0.00,0,0,0.00,0.00,0.00,0,0,0.00,0.00,0,0
1567146441,s3,0.00,0.00,0.00,0,0,0.00,0.00,0.00,0,0,0.00,0.00,0,0
1567146441,s2-eth1,0.00,0.00,0.00,0,0,0.00,0.00,0.00,0,0,0.00,0.00,0,0
1567146441,lo,0.00,0.00,0.00,0,0,0.00,0.00,0.00,0,0,0.00,0.00,0,0
1567146441,s4,0.00,0.00,0.00,0,0,0.00,0.00,0.00,0,0,0.00,0.00,0,0
1567146441,total,0.00,0.00,0.00,0,0,0.00,0.00,0.00,0,0,0.00,0.00,0,0
1567146442,s5,0.00,0.00,0.00,0,0,0.00,0.00,0.00,0,0,0.00,0.00,0,0
1567146442,s1,0.00,0.00,0.00,0,0,0.00,0.00,0.00,0,0,0.00,0.00,0,0
1567146442,eth0,0.00,0.00,0.00,0,0,0.00,0.00,0.00,0,0,0.00,0.00,0,0
1567146442,eth1,0.00,0.00,0.00,0,0,0.00,0.00,0.00,0,0,0.00,0.00,0,0
1567146442,s2,0.00,0.00,0.00,0,0,0.00,0.00,0.00,0,0,0.00,0.00,0,0
1567146442,s1-eth2,0.00,0.00,0.00,0,0,0.00,0.00,0.00,0,0,0.00,0.00,0,0
1567146442,s1-eth0,0.00,0.00,0.00,0,0,0.00,0.00,0.00,0,0,0.00,0.00,0,0
1567146442,s1-eth1,0.00,0.00,0.00,0,0,0.00,0.00,0.00,0,0,0.00,0.00,0,0
1567146442,s3,0.00,0.00,0.00,0,0,0.00,0.00,0.00,0,0,0.00,0.00,0,0
1567146442,s2-eth1,0.00,0.00,0.00,0,0,0.00,0.00,0.00,0,0,0.00,0.00,0,0
1567146442,lo,172.00,172.00,344.00,172,172,3.00,3.00,6.00,3,3,0.00,0.00,0,0
1567146442,s4,0.00,0.00,0.00,0,0,0.00,0.00,0.00,0,0,0.00,0.00,0,0
1567146442,total,172.00,172.00,344.00,172,172,3.00,3.00,6.00,3,3,0.00,0.00,0,0
1567146443,s5,0.00,0.00,0.00,0,0,0.00,0.00,0.00,0,0,0.00,0.00,0,0
1567146443,s1,0.00,0.00,0.00,0,0,0.00,0.00,0.00,0,0,0.00,0.00,0,0
1567146443,eth0,0.00,0.00,0.00,0,0,0.00,0.00,0.00,0,0,0.00,0.00,0,0
1567146443,eth1,0.00,0.00,0.00,0,0,0.00,0.00,0.00,0,0,0.00,0.00,0,0
156714