1567025754,s5,0.00,0.00,0.00,0,0,0.00,0.00,0.00,0,0,0.00,0.00,0,0
1567025754,s1,0.00,0.00,0.00,0,0,0.00,0.00,0.00,0,0,0.00,0.00,0,0
1567025754,eth0,0.00,0.00,0.00,0,0,0.00,0.00,0.00,0,0,0.00,0.00,0,0
1567025754,eth1,0.00,0.00,0.00,0,0,0.00,0.00,0.00,0,0,0.00,0.00,0,0
1567025754,s2,0.00,0.00,0.00,0,0,0.00,0.00,0.00,0,0,0.00,0.00,0,0
1567025754,s1-eth2,0.00,0.00,0.00,0,0,0.00,0.00,0.00,0,0,0.00,0.00,0,0
1567025754,s1-eth1,0.00,0.00,0.00,0,0,0.00,0.00,0.00,0,0,0.00,0.00,0,0
1567025754,s3,0.00,0.00,0.00,0,0,0.00,0.00,0.00,0,0,0.00,0.00,0,0
1567025754,lo,0.00,0.00,0.00,0,0,0.00,0.00,0.00,0,0,0.00,0.00,0,0
1567025754,s4,0.00,0.00,0.00,0,0,0.00,0.00,0.00,0,0,0.00,0.00,0,0
1567025754,total,0.00,0.00,0.00,0,0,0.00,0.00,0.00,0,0,0.00,0.00,0,0
1567025755,s5,0.00,0.00,0.00,0,0,0.00,0.00,0.00,0,0,0.00,0.00,0,0
1567025755,s1,250.00,250.00,500.00,250,250,3.00,3.00,6.00,3,3,0.00,0.00,0,0
1567025755,eth0,0.00,180.00,180.00,180,0,0.00,2.00,2.00,2,0,0.00,0.00,0,0
1567025755,eth1,0.00,180.00,180.00,180,0,0.00,2.00,2.00,2,0,0.00,0.00,0,0
1567025755,s2,0.00,0.00,0.00,0,0,0.00,0.00,0.00,0,0,0.00,0.00,0,0
1567025755,s1-eth2,33445.00,1250654.00,1284099.00,1250654,33445,438.00,827.00,1265.00,827,438,0.00,0.00,0,0
1567025755,s1-eth1,1251336.00,31610.00,1282946.00,31610,1251336,838.00,427.00,1265.00,427,838,0.00,0.00,0,0
1567025755,s3,0.00,0.00,0.00,0,0,0.00,0.00,0.00,0,0,0.00,0.00,0,0
1567025755,lo,1688.00,1688.00,3376.00,1688,1688,18.00,18.00,36.00,18,18,0.00,0.00,0,0
1567025755,s4,0.00,0.00,0.00,0,0,0.00,0.00,0.00,0,0,0.00,0.00,0,0
1567025755,total,1286719.00,1284562.00,2571281.00,1284562,1286719,1297.00,1279.00,2576.00,1279,1297,0.00,0.00,0,0
1567025756,s5,0.00,0.00,0.00,0,0,0.00,0.00,0.00,0,0,0.00,0.00,0,0
1567025756,s1,0.00,90.00,90.00,90,0,0.00,1.00,1.00,1,0,0.00,0.00,0,0
1567025756,eth0,0.00,154.00,154.00,154,0,0.00,2.00,2.00,2,0,0.00,0.00,0,0
1567025756,eth1,0.00,154.00,154.00,154,0,0.00,2.00,2.00,2,0,0.00,0.00,0,0
1567025756,s2,0.00,0.00,0.00,0,0,0.00,0.00,0.00,0,0,0.00,0.00,0,0
1567025756,s1-eth2,32356.00,1250564.00,1282920.00,1250564,32356,431.00,826.00,1257.00,826,431,0.00,0.00,0,0
1567025756,s1-eth1,1251280.00,31836.00,1283116.00,31836,1251280,829.00,430.00,1259.00,430,829,0.00,0.00,0,0
1567025756,s3,0.00,0.00,0.00,0,0,0.00,0.00,0.00,0,0,0.00,0.00,0,0
1567025756,lo,288.00,288.00,576.00,288,288,3.00,3.00,6.00,3,3,0.00,0.00,0,0
1567025756,s4,0.00,0.00,0.00,0,0,0.00,0.00,0.00,0,0,0.00,0.00,0,0
1567025756,total,1283924.00,1283086.00,2567010.00,1283086,1283924,1263.00,1264.00,2527.00,1264,1263,0.00,0.00,0,0
1567025757,s5,0.00,0.00,0.00,0,0,0.00,0.00,0.00,0,0,0.00,0.00,0,0
1567025757,s1,0.00,0.00,0.00,0,0,0.00,0.00,0.00,0,0,0.00,0.00,0,0
1567025757,eth0,0.00,154.00,154.00,154,0,0.00,2.00,2.00,2,0,0.00,0.00,0,0
1567025757,eth1,0.00,154.00,154.00,154,0,0.00,2.00,2.00,2,0,0.00,0.00,0,0
1567025757,s2,0.00,0.00,0.00,0,0,0.00,0.00,0.00,0,0,0.00,0.00,0,0
1567025757,s1-eth2,32195.00,1239966.00,1272161.00,1239966,32195,431.00,819.00,1250.00,819,431,0.00,0.00,0,0
1567025757,s1-eth1,1238779.00,31746.00,1270525.00,31746,1238779,819.00,429.00,1248.00,429,819,0.00,0.00,0,0
1567025757,s3,0.00,0.00,0.00,0,0,0.00,0.00,0.00,0,0,0.00,0.00,0,0
1567025757,lo,0.00,0.00,0.00,0,0,0.00,0.00,0.00,0,0,0.00,0.00,0,0
1567025757,s4,0.00,0.00,0.00,0,0,0.00,0.00,0.00,0,0,0.00,0.00,0,0
1567025757,total,1270974.00,1272020.00,2542994.00,1272020,1270974,1250.00,1252.00,2502.00,1252,1250,0.00,0.00,0,0
1567025758,s5,0.00,0.00,0.00,0,0,0.00,0.00,0.00,0,0,0.00,0.00,0,0
1567025758,s1,0.00,0.00,0.00,0,0,0.00,0.00,0.00,0,0,0.00,0.00,0,0
1567025758,eth0,757.00,781.00,1538.00,781,757,9.00,7.00,16.00,7,9,0.00,0.00,0,0
1567025758,eth1,0.00,841.00,841.00,841,0,0.00,8.00,8.00,8,0,0.00,0.00,0,0
1567025758,s2,0.00,0.00,0.00,0,0,0.00,0.00,0.00,0,0,0.00,0.00,0,0
1567025758,s1-eth2,32009.00,1250564.00,1282573.00,1250564,32009,430.00,826.00,1256.00,826,430,0.00,0.00,0,0
1567025758,s1-eth1,1250938.00,31598.00,1282536.00,31598,1250938,828.00,427.00,1255.00,427,828,0.00,0.00,0,0
1567025758,s3,0.00,0.00,0.00,0,0,0.00,0.00,0.00,0,0,0.00,0.00,0,0
1567025758,lo,682.00,682.00,1364.00,682,682,8.00,8.00,16.00,8,8,0.00,0.00,0,0
1567025758,s4,0.00,0.00,0.00,0,0,0.00,0.00,0.00,0,0,0.00,0.00,0,0
1567025758,total,1284386.00,1284466.00,2568852.00,1284466,1284386,1275.00,1276.00,2551.00,1276,1275,0.00,0.00,0,0
1567025759,s5,0.00,0.00,0.00,0,0,0.00,0.00,0.00,0,0,0.00,0.00,0,0
1567025759,s1,70.00,140.00,210.00,140,70,1.00,2.00,3.00,2,1,0.00,0.00,0,0
1567025759,eth0,60.00,171.00,231.00,171,60,1.00,2.00,3.00,2,1,0.00,0.00,0,0
1567025759,eth1,0.00,231.00,231.00,231,0,0.00,3.00,3.00,3,0,0.00,0.00,0,0
1567025759,s2,0.00,0.00,0.00,0,0,0.00,0.00,0.00,0,0,0.00,0.00,0,0
1567025759,s1-eth2,31029.00,1249120.00,1280149.00,1249120,31029,416.00,826.00,1242.00,826,416,0.00,0.00,0,0
1567025759,s1-eth1,1251101.00,30632.00,1281733.00,30632,1251101,830.00,414.00,1244.00,414,830,0.00,0.00,0,0
1567025759,s3,0.00,0.00,0.00,0,0,0.00,0.00,0.00,0,0,0.00,0.00,0,0
1567025759,lo,1492.00,1492.00,2984.00,1492,1492,21.00,21.00,42.00,21,21,0.00,0.00,0,0
1567025759,s4,0.00,0.00,0.00,0,0,0.00,0.00,0.00,0,0,0.00,0.00,0,0
1567025759,total,1283752.00,1281786.00,2565538.00,1281786,1283752,1269.00,1268.00,2537.00,1268,1269,0.00,0.00,0,0
1567025760,s5,0.00,0.00,0.00,0,0,0.00,0.00,0.00,0,0,0.00,0.00,0,0
1567025760,s1,0.00,0.00,0.00,0,0,0.00,0.00,0.00,0,0,0.00,0.00,0,0
1567025760,eth0,60.00,214.00,274.00,214,60,1.00,3.00,4.00,3,1,0.00,0.00,0,0
1567025760,eth1,0.00,274.00,274.00,274,0,0.00,4.00,4.00,4,0,0.00,0.00,0,0
1567025760,s2,0.00,0.00,0.00,0,0,0.00,0.00,0.00,0,0,0.00,0.00,0,0
1567025760,s1-eth2,30562.00,1250564.00,1281126.00,1250564,30562,413.00,826.00,1239.00,826,413,0.00,0.00,0,0
1567025760,s1-eth1,1250906.00,30562.00,1281468.00,30562,1250906,827.00,413.00,1240.00,413,827,0.00,0.00,0,0
1567025760,s3,0.00,0.00,0.00,0,0,0.00,0.00,0.00,0,0,0.00,0.00,0,0
1567025760,lo,0.00,0.00,0.00,0,0,0.00,0.00,0.00,0,0,0.00,0.00,0,0
1567025760,s4,0.00,0.00,0.00,0,0,0.00,0.00,0.00,0,0,0.00,0.00,0,0
1567025760,total,1281528.00,1281614.00,2563142.00,1281614,1281528,1241.00,1246.00,2487.00,1246,1241,0.00,0.00,0,0
1567025761,s5,0.00,0.00,0.00,0,0,0.00,0.00,0.00,0,0,0.00,0.00,0,0
1567025761,s1,0.00,0.00,0.00,0,0,0.00,0.00,0.00,0,0,0.00,0.00,0,0
1567025761,eth0,0.00,94.00,94.00,94,0,0.00,1.00,1.00,1,0,0.00,0.00,0,0
1567025761,eth1,0.00,94.00,94.00,94,0,0.00,1.00,1.00,1,0,0.00,0.00,0,0
1567025761,s2,0.00,0.00,0.00,0,0,0.00,0.00,0.00,0,0,0.00,0.00,0,0
1567025761,s1-eth2,30669.00,1250564.00,1281233.00,1250564,30669,414.00,826.00,1240.00,826,414,0.00,0.00,0,0
1567025761,s1-eth1,1250564.00,30562.00,1281126.00,30562,1250564,826.00,413.00,1239.00,413,826,0.00,0.00,0,0
1567025761,s3,0.00,0.00,0.00,0,0,0.00,0.00,0.00,0,0,0.00,0.00,0,0
1567025761,lo,0.00,0.00,0.00,0,0,0.00,0.00,0.00,0,0,0.00,0.00,0,0
1567025761,s4,0.00,0.00,0.00,0,0,0.00,0.00,0.00,0,0,0.00,0.00,0,0
1567025761,total,1281233.00,1281314.00,2562547.00,1281314,1281233,1240.00,1241.00,2481.00,1241,1240,0.00,0.00,0,0
1567025762,s5,0.00,0.00,0.00,0,0,0.00,0.00,0.00,0,0,0.00,0.00,0,0
1567025762,s1,0.00,0.00,0.00,0,0,0.00,0.00,0.00,0,0,0.00,0.00,0,0
1567025762,eth0,0.00,498.00,498.00,498,0,0.00,6.00,6.00,6,0,0.00,0.00,0,0
1567025762,eth1,0.00,498.00,498.00,498,0,0.00,6.00,6.00,6,0,0.00,0.00,0,0
1567025762,s2,0.00,0.00,0.00,0,0,0.00,0.00,0.00,0,0,0.00,0.00,0,0
1567025762,s1-eth2,30780.00,1250564.00,1281344.00,1250564,30780,416.00,826.00,1242.00,826,416,0.00,0.00,0,0
1567025762,s1-eth1,1249157.00,30710.00,1279867.00,30710,1249157,826.00,415.00,1241.00,415,826,0.00,0.00,0,0
1567025762,s3,0.00,0.00,0.00,0,0,0.00,0.00,0.00,0,0,0.00,0.00,0,0
1567025762,lo,0.00,0.00,0.00,0,0,0.00,0.00,0.00,0,0,0.00,0.00,0,0
1567025762,s4,0.00,0.00,0.00,0,0,0.00,0.00,0.00,0,0,0.00,0.00,0,0
1567025762,total,1279937.00,1282270.00,2562207.00,1282270,1279937,1242.00,1253.00,2495.00,1253,1242,0.00,0.00,0,0
1567025763,s5,0.00,0.00,0.00,0,0,0.00,0.00,0.00,0,0,0.00,0.00,0,0
1567025763,s1,70.00,140.00,210.00,140,70,1.00,2.00,3.00,2,1,0.00,0.00,0,0
1567025763,eth0,0.00,756.00,756.00,756,0,0.00,7.00,7.00,7,0,0.00,0.00,0,0
1567025763,eth1,0.00,756.00,756.00,756,0,0.00,7.00,7.00,7,0,0.00,0.00,0,0
1567025763,s2,0.00,0.00,0.00,0,0,0.00,0.00,0.00,0,0,0.00,0.00,0,0
1567025763,s1-eth2,31118.00,1250634.00,1281752.00,1250634,31118,417.00,827.00,1244.00,827,417,0.00,0.00,0,0
1567025763,s1-eth1,1250774.00,30706.00,1281480.00,30706,1250774,829.00,415.00,1244.00,415,829,0.00,0.00,0,0
1567025763,s3,0.00,0.00,0.00,0,0,0.00,0.00,0.00,0,0,0.00,0.00,0,0
1567025763,lo,804.00,804.00,1608.00,804,804,9.00,9.00,18.00,9,9,0.00,0.00,0,0
1567025763,s4,0.00,0.00,0.00,0,0,0.00,0.00,0.00,0,0,0.00,0.00,0,0
1567025763,total,1282766.00,1283796.00,2566562.00,1283796,1282766,1256.00,1267.00,2523.00,1267,1256,0.00,0.00,0,0
1567025764,s5,0.00,0.00,0.00,0,0,0.00,0.00,0.00,0,0,0.00,0.00,0,0
1567025764,s1,0.00,0.00,0.00,0,0,0.00,0.00,0.00,0,0,0.00,0.00,0,0
1567025764,eth0,0.00,154.00,154.00,154,0,0.00,2.00,2.00,2,0,0.00,0.00,0,0
1567025764,eth1,0.00,154.00,154.00,154,0,0.00,2.00,2.00,2,0,0.00,0.00,0,0
1567025764,s2,0.00,0.00,0.00,0,0,0.00,0.00,0.00,0,0,0.00,0.00,0,0
1567025764,s1-eth2,30488.00,1250564.00,1281052.00,1250564,30488,412.00,826.00,1238.00,826,412,0.00,0.00,0,0
1567025764,s1-eth1,1250564.00,30562.00,1281126.00,30562,1250564,826.00,413.00,1239.00,413,826,0.00,0.00,0,0
1567025764,s3,0.00,0.00,0.00,0,0,0.00,0.00,0.00,0,0,0.00,0.00,0,0
1567025764,lo,688.00,688.00,1376.00,688,688,12.00,12.00,24.00,12,12,0.00,0.00,0,0
1567025764,s4,0.00,0.00,0.00,0,0,0.00,0.00,0.00,0,0,0.00,0.00,0,0
1567025764,total,1281740.00,1282122.00,2563862.00,1282122,1281740,1250.00,1255.00,2505.00,1255,1250,0.00,0.00,0,0
1567025765,s5,0.00,0.00,0.00,0,0,0.00,0.00,0.00,0,0,0.00,0.00,0,0
1567025765,s1,0.00,0.00,0.00,0,0,0.00,0.00,0.00,0,0,0.00,0.00,0,0
1567025765,eth0,0.00,257.00,257.00,257,0,0.00,3.00,3.00,3,0,0.00,0.00,0,0
1567025765,eth1,0.00,257.00,257.00,257,0,0.00,3.00,3.00,3,0,0.00,0.00,0,0
1567025765,s2,0.00,0.00,0.00,0,0,0.00,0.00,0.00,0,0,0.00,0.00,0,0
1567025765,s1-eth2,30562.00,1250564.00,1281126.00,1250564,30562,413.00,826.00,1239.00,826,413,0.00,0.00,0,0
1567025765,s1-eth1,1250564.00,30562.00,1281126.00,30562,1250564,826.00,413.00,1239.00,413,826,0.00,0.00,0,0
1567025765,s3,0.00,0.00,0.00,0,0,0.00,0.00,0.00,0,0,0.00,0.00,0,0
1567025765,lo,0.00,0.00,0.00,0,0,0.00,0.00,0.00,0,0,0.00,0.00,0,0
1567025765,s4,0.00,0.00,0.00,0,0,0.00,0.00,0.00,0,0,0.00,0.00,0,0
1567025765,total,1281126.00,1281640.00,2562766.00,1281640,1281126,1239.00,1245.00,2484.00,1245,1239,0.00,0.00,0,0
1567025766,s5,0.00,0.00,0.00,0,0,0.00,0.00,0.00,0,0,0.00,0.00,0,0
1567025766,s1,0.00,0.00,0.00,0,0,0.00,0.00,0.00,0,0,0.00,0.00,0,0
1567025766,eth0,0.00,154.00,154.00,154,0,0.00,2.00,2.00,2,0,0.00,0.00,0,0
1567025766,eth1,0.00,154.00,154.00,154,0,0.00,2.00,2.00,2,0,0.00,0.00,0,0
1567025766,s2,0.00,0.00,0.00,0,0,0.00,0.00,0.00,0,0,0.00,0.00,0,0
1567025766,s1-eth2,30562.00,1249050.00,1279612.00,1249050,30562,413.00,825.00,1238.00,825,413,0.00,0.00,0,0
1567025766,s1-eth1,1250564.00,30562.00,1281126.00,30562,1250564,826.00,413.00,1239.00,413,826,0.00,0.00,0,0
1567025766,s3,0.00,0.00,0.00,0,0,0.00,0.00,0.00,0,0,0.00,0.00,0,0
1567025766,lo,0.00,0.00,0.00,0,0,0.00,0.00,0.00,0,0,0.00,0.00,0,0
1567025766,s4,0.00,0.00,0.00,0,0,0.00,0.00,0.00,0,0,0.00,0.00,0,0
1567025766,total,1281126.00,1279920.00,2561046.00,1279920,1281126,1239.00,1242.00,2481.00,1242,1239,0.00,0.00,0,0
1567025767,s5,0.00,0.00,0.00,0,0,0.00,0.00,0.00,0,0,0.00,0.00,0,0
1567025767,s1,0.00,0.00,0.00,0,0,0.00,0.00,0.00,0,0,0.00,0.00,0,0
1567025767,eth0,0.00,240.00,240.00,240,0,0.00,3.00,3.00,3,0,0.00,0.00,0,0
1567025767,eth1,0.00,240.00,240.00,240,0,0.00,3.00,3.00,3,0,0.00,0.00,0,0
1567025767,s2,0.00,0.00,0.00,0,0,0.00,0.00,0.00,0,0,0.00,0.00,0,0
1567025767,s1-eth2,30562.00,1250564.00,1281126.00,1250564,30562,413.00,826.00,1239.00,826,413,0.00,0.00,0,0
1567025767,s1-eth1,1249392.00,30562.00,1279954.00,30562,1249392,826.00,413.00,1239.00,413,826,0.00,0.00,0,0
1567025767,s3,0.00,0.00,0.00,0,0,0.00,0.00,0.00,0,0,0.00,0.00,0,0
1567025767,lo,0.00,0.00,0.00,0,0,0.00,0.00,0.00,0,0,0.00,0.00,0,0
1567025767,s4,0.00,0.00,0.00,0,0,0.00,0.00,0.00,0,0,0.00,0.00,0,0
1567025767,total,1279954.00,1281606.00,2561560.00,1281606,1279954,1239.00,1245.00,2484.00,1245,1239,0.00,0.00,0,0
1567025768,s5,0.00,0.00,0.00,0,0,0.00,0.00,0.00,0,0,0.00,0.00,0,0
1567025768,s1,0.00,0.00,0.00,0,0,0.00,0.00,0.00,0,0,0.00,0.00,0,0
1567025768,eth0,0.00,214.00,214.00,214,0,0.00,3.00,3.00,3,0,0.00,0.00,0,0
1567025768,eth1,0.00,214.00,214.00,214,0,0.00,3.00,3.00,3,0,0.00,0.00,0,0
1567025768,s2,0.00,0.00,0.00,0,0,0.00,0.00,0.00,0,0,0.00,0.00,0,0
1567025768,s1-eth2,30562.00,1250564.00,1281126.00,1250564,30562,413.00,826.00,1239.00,826,413,0.00,0.00,0,0
1567025768,s1-eth1,1250564.00,30562.00,1281126.00,30562,1250564,826.00,413.00,1239.00,413,826,0.00,0.00,0,0
1567025768,s3,0.00,0.00,0.00,0,0,0.00,0.00,0.00,0,0,0.00,0.00,0,0
1567025768,lo,172.00,172.00,344.00,172,172,3.00,3.00,6.00,3,3,0.00,0.00,0,0
1567025768,s4,0.00,0.00,0.00,0,0,0.00,0.00,0.00,0,0,0.00,0.00,0,0
1567025768,total,1281298.00,1281726.00,2563024.00,1281726,1281298,1242.00,1248.00,2490.00,1248,1242,0.00,0.00,0,0
1567025769,s5,0.00,0.00,0.00,0,0,0.00,0.00,0.00,0,0,0.00,0.00,0,0
1567025769,s1,0.00,0.00,0.00,0,0,0.00,0.00,0.00,0,0,0.00,0.00,0,0
1567025769,eth0,0.00,94.00,94.00,94,0,0.00,1.00,1.00,1,0,0.00,0.00,0,0
1567025769,eth1,0.00,94.00,94.00,94,0,0.00,1.00,1.00,1,0,0.00,0.00,0,0
1567025769,s2,0.00,0.00,0.00,0,0,0.00,0.00,0.00,0,0,0.00,0.00,0,0
1567025769,s1-eth2,30669.00,1250564.00,1281233.00,1250564,30669,414.00,826.00,1240.00,826,414,0.00,0.00,0,0
1567025769,s1-eth1,1250564.00,30562.00,1281126.00,30562,1250564,826.00,413.00,1239.00,413,826,0.00,0.00,0,0
1567025769,s3,0.00,0.00,0.00,0,0,0.00,0.00,0.00,0,0,0.00,0.00,0,0
1567025769,lo,688.00,688.00,1376.00,688,688,12.00,12.00,24.00,12,12,0.00,0.00,0,0
1567025769,s4,0.00,0.00,0.00,0,0,0.00,0.00,0.00,0,0,0.00,0.00,0,0
1567025769,total,1281921.00,1282002.00,2563923.00,1282002,1281921,1252.00,1253.00,2505.00,1253,1252,0.00,0.00,0,0
1567025770,s5,0.00,0.00,0.00,0,0,0.00,0.00,0.00,0,0,0.00,0.00,0,0
1567025770,s1,0.00,0.00,0.00,0,0,0.00,0.00,0.00,0,0,0.00,0.00,0,0
1567025770,eth0,0.00,213.79,213.79,214,0,0.00,3.00,3.00,3,0,0.00,0.00,0,0
1567025770,eth1,0.00,213.79,213.79,214,0,0.00,3.00,3.00,3,0,0.00,0.00,0,0
1567025770,s2,0.00,0.00,0.00,0,0,0.00,0.00,0.00,0,0,0.00,0.00,0,0
1567025770,s1-eth2,30873.13,1249314.75,1280187.88,1250564,30904,413.59,825.17,1238.76,826,414,0.00,0.00,0,0
1567025770,s1-eth1,1249421.62,30531.47,1279953.12,30562,1250671,826.17,412.59,1238.76,413,827,0.00,0.00,0,0
1567025770,s3,0.00,0.00,0.00,0,0,0.00,0.00,0.00,0,0,0.00,0.00,0,0
1567025770,lo,0.00,0.00,0.00,0,0,0.00,0.00,0.00,0,0,0.00,0.00,0,0
1567025770,s4,0.00,0.00,0.00,0,0,0.00,0.00,0.00,0,0,0.00,0.00,0,0
1567025770,total,1280294.75,1280273.75,2560568.50,1281554,1281575,1239.76,1243.76,2483.52,1245,1241,0.00,0.00,0,0
1567025771,s5,0.00,0.00,0.00,0,0,0.00,0.00,0.00,0,0,0.00,0.00,0,0
1567025771,s1,0.00,0.00,0.00,0,0,0.00,0.00,0.00,0,0,0.00,0.00,0,0
1567025771,eth0,0.00,171.00,171.00,171,0,0.00,2.00,2.00,2,0,0.00,0.00,0,0
1567025771,eth1,0.00,171.00,171.00,171,0,0.00,2.00,2.00,2,0,0.00,0.00,0,0
1567025771,s2,0.00,0.00,0.00,0,0,0.00,0.00,0.00,0,0,0.00,0.00,0,0
1567025771,s1-eth2,30562.00,1250564.00,1281126.00,1250564,30562,413.00,826.00,1239.00,826,413,0.00,0.00,0,0
1567025771,s1-eth1,1250564.00,30562.00,1281126.00,30562,1250564,826.00,413.00,1239.00,413,826,0.00,0.00,0,0
1567025771,s3,0.00,0.00,0.00,0,0,0.00,0.00,0.00,0,0,0.00,0.00,0,0
1567025771,lo,0.00,0.00,0.00,0,0,0.00,0.00,0.00,0,0,0.00,0.00,0,0
1567025771,s4,0.00,0.00,0.00,0,0,0.00,0.00,0.00,0,0,0.00,0.00,0,0
1567025771,total,1281126.00,1281468.00,2562594.00,1281468,1281126,1239.00,1243.00,2482.00,1243,1239,0.00,0.00,0,0
1567025772,s5,0.00,0.00,0.00,0,0,0.00,0.00,0.00,0,0,0.00,0.00,0,0
1567025772,s1,0.00,0.00,0.00,0,0,0.00,0.00,0.00,0,0,0.00,0.00,0,0
1567025772,eth0,0.00,154.00,154.00,154,0,0.00,2.00,2.00,2,0,0.00,0.00,0,0
1567025772,eth1,0.00,154.00,154.00,154,0,0.00,2.00,2.00,2,0,0.00,0.00,0,0
1567025772,s2,0.00,0.00,0.00,0,0,0.00,0.00,0.00,0,0,0.00,0.00,0,0
1567025772,s1-eth2,30562.00,1250564.00,1281126.00,1250564,30562,413.00,826.00,1239.00,826,413,0.00,0.00,0,0
1567025772,s1-eth1,1250564.00,30562.00,1281126.00,30562,1250564,826.00,413.00,1239.00,413,826,0.00,0.00,0,0
1567025772,s3,0.00,0.00,0.00,0,0,0.00,0.00,0.00,0,0,0.00,0.00,0,0
1567025772,lo,0.00,0.00,0.00,0,0,0.00,0.00,0.00,0,0,0.00,0.00,0,0
1567025772,s4,0.00,0.00,0.00,0,0,0.00,0.00,0.00,0,0,0.00,0.00,0,0
1567025772,total,1281126.00,1281434.00,2562560.00,1281434,1281126,1239.00,1243.00,2482.00,1243,1239,0.00,0.00,0,0
1567025773,s5,0.00,0.00,0.00,0,0,0.00,0.00,0.00,0,0,0.00,0.00,0,0
1567025773,s1,0.00,0.00,0.00,0,0,0.00,0.00,0.00,0,0,0.00,0.00,0,0
1567025773,eth0,0.00,154.00,154.00,154,0,0.00,2.00,2.00,2,0,0.00,0.00,0,0
1567025773,eth1,0.00,154.00,154.00,154,0,0.00,2.00,2.00,2,0,0.00,0.00,0,0
1567025773,s2,0.00,0.00,0.00,0,0,0.00,0.00,0.00,0,0,0.00,0.00,0,0
1567025773,s1-eth2,30562.00,1250564.00,1281126.00,1250564,30562,413.00,826.00,1239.00,826,413,0.00,0.00,0,0
1567025773,s1-eth1,1250564.00,30488.00,1281052.00,30488,1250564,826.00,412.00,1238.00,412,826,0.00,0.00,0,0
1567025773,s3,0.00,0.00,0.00,0,0,0.00,0.00,0.00,0,0,0.00,0.00,0,0
1567025773,lo,172.00,172.00,344.00,172,172,3.00,3.00,6.00,3,3,0.00,0.00,0,0
1567025773,s4,0.00,0.00,0.00,0,0,0.00,0.00,0.00,0,0,0.00,0.00,0,0
1567025773,total,1281298.00,1281532.00,2562830.00,1281532,1281298,1242.00,1245.00,2487.00,1245,1242,0.00,0.00,0,0
1567025774,s5,0.00,0.00,0.00,0,0,0.00,0.00,0.00,0,0,0.00,0.00,0,0
1567025774,s1,0.00,0.00,0.00,0,0,0.00,0.00,0.00,0,0,0.00,0.00,0,0
1567025774,eth0,0.00,60.00,60.00,60,0,0.00,1.00,1.00,1,0,0.00,0.00,0,0
1567025774,eth1,0.00,60.00,60.00,60,0,0.00,1.00,1.00,1,0,0.00,0.00,0,0
1567025774,s2,0.00,0.00,0.00,0,0,0.00,0.00,0.00,0,0,0.00,0.00,0,0
1567025774,s1-eth2,30562.00,1250564.00,1281126.00,1250564,30562,413.00,826.00,1239.00,826,413,0.00,0.00,0,0
1567025774,s1-eth1,1250564.00,30636.00,1281200.00,30636,1250564,826.00,414.00,1240.00,414,826,0.00,0.00,0,0
1567025774,s3,0.00,0.00,0.00,0,0,0.00,0.00,0.00,0,0,0.00,0.00,0,0
1567025774,lo,688.00,688.00,1376.00,688,688,12.00,12.00,24.00,12,12,0.00,0.00,0,0
1567025774,s4,0.00,0.00,0.00,0,0,0.00,0.00,0.00,0,0,0.00,0.00,0,0
1567025774,total,1281814.00,1282008.00,2563822.00,1282008,1281814,1251.00,1254.00,2505.00,1254,1251,0.00,0.00,0,0
1567025775,s5,0.00,0.00,0.00,0,0,0.00,0.00,0.00,0,0,0.00,0.00,0,0
1567025775,s1,0.00,0.00,0.00,0,0,0.00,0.00,0.00,0,0,0.00,0.00,0,0
1567025775,eth0,0.00,94.00,94.00,94,0,0.00,1.00,1.00,1,0,0.00,0.00,0,0
1567025775,eth1,0.00,94.00,94.00,94,0,0.00,1.00,1.00,1,0,0.00,0.00,0,0
1567025775,s2,0.00,0.00,0.00,0,0,0.00,0.00,0.00,0,0,0.00,0.00,0,0
1567025775,s1-eth2,30562.00,1250564.00,1281126.00,1250564,30562,413.00,826.00,1239.00,826,413,0.00,0.00,0,0
1567025775,s1-eth1,1249050.00,30562.00,1279612.00,30562,1249050,825.00,413.00,1238.00,413,825,0.00,0.00,0,0
1567025775,s3,0.00,0.00,0.00,0,0,0.00,0.00,0.00,0,0,0.00,0.00,0,0
1567025775,lo,0.00,0.00,0.00,0,0,0.00,0.00,0.00,0,0,0.00,0.00,0,0
1567025775,s4,0.00,0.00,0.00,0,0,0.00,0.00,0.00,0,0,0.00,0.00,0,0
1567025775,total,1279612.00,1281314.00,2560926.00,1281314,1279612,1238.00,1241.00,2479.00,1241,1238,0.00,0.00,0,0
1567025776,s5,0.00,0.00,0.00,0,0,0.00,0.00,0.00,0,0,0.00,0.00,0,0
1567025776,s1,0.00,0.00,0.00,0,0,0.00,0.00,0.00,0,0,0.00,0.00,0,0
1567025776,eth0,0.00,213.79,213.79,214,0,0.00,3.00,3.00,3,0,0.00,0.00,0,0
1567025776,eth1,0.00,213.79,213.79,214,0,0.00,3.00,3.00,3,0,0.00,0.00,0,0
1567025776,s2,0.00,0.00,0.00,0,0,0.00,0.00,0.00,0,0,0.00,0.00,0,0
1567025776,s1-eth2,30531.47,1249314.75,1279846.25,1250564,30562,412.59,825.17,1237.76,826,413,0.00,0.00,0,0
1567025776,s1-eth1,1252078.00,30562.00,1282640.00,30562,1252078,827.00,413.00,1240.00,413,827,0.00,0.00,0,0
1567025776,s3,0.00,0.00,0.00,0,0,0.00,0.00,0.00,0,0,0.00,0.00,0,0
1567025776,lo,0.00,0.00,0.00,0,0,0.00,0.00,0.00,0,0,0.00,0.00,0,0
1567025776,s4,0.00,0.00,0.00,0,0,0.00,0.00,0.00,0,0,0.00,0.00,0,0
1567025776,total,1282640.00,1281554.00,2564194.00,1281554,1282640,1240.00,1245.00,2485.00,1245,1240,0.00,0.00,0,0
1567025777,s5,0.00,0.00,0.00,0,0,0.00,0.00,0.00,0,0,0.00,0.00,0,0
1567025777,s1,0.00,0.00,0.00,0,0,0.00,0.00,0.00,0,0,0.00,0.00,0,0
1567025777,eth0,0.00,171.00,171.00,171,0,0.00,2.00,2.00,2,0,0.00,0.00,0,0
1567025777,eth1,0.00,171.00,171.00,171,0,0.00,2.00,2.00,2,0,0.00,0.00,0,0
1567025777,s2,0.00,0.00,0.00,0,0,0.00,0.00,0.00,0,0,0.00,0.00,0,0
1567025777,s1-eth2,30562.00,1252078.00,1282640.00,1252078,30562,413.00,827.00,1240.00,827,413,0.00,0.00,0,0
1567025777,s1-eth1,1250564.00,30562.00,1281126.00,30562,1250564,826.00,413.00,1239.00,413,826,0.00,0.00,0,0
1567025777,s3,0.00,0.00,0.00,0,0,0.00,0.00,0.00,0,0,0.00,0.00,0,0
1567025777,lo,0.00,0.00,0.00,0,0,0.00,0.00,0.00,0,0,0.00,0.00,0,0
1567025777,s4,0.00,0.00,0.00,0,0,0.00,0.00,0.00,0,0,0.00,0.00,0,0
1567025777,total,1281126.00,1282982.00,2564108.00,1282982,1281126,1239.00,1244.00,2483.00,1244,1239,0.00,0.00,0,0
1567025778,s5,0.00,0.00,0.00,0,0,0.00,0.00,0.00,0,0,0.00,0.00,0,0
1567025778,s1,0.00,0.00,0.00,0,0,0.00,0.00,0.00,0,0,0.00,0.00,0,0
1567025778,eth0,0.00,153.85,153.85,154,0,0.00,2.00,2.00,2,0,0.00,0.00,0,0
1567025778,eth1,0.00,153.85,153.85,154,0,0.00,2.00,2.00,2,0,0.00,0.00,0,0
1567025778,s2,0.00,0.00,0.00,0,0,0.00,0.00,0.00,0,0,0.00,0.00,0,0
1567025778,s1-eth2,30947.05,1249314.75,1280261.75,1250564,30978,414.59,825.17,1239.76,826,415,0.00,0.00,0,0
1567025778,s1-eth1,1249314.75,30531.47,1279846.25,30562,1250564,825.17,412.59,1237.76,413,826,0.00,0.00,0,0
1567025778,s3,0.00,0.00,0.00,0,0,0.00,0.00,0.00,0,0,0.00,0.00,0,0
1567025778,lo,171.83,171.83,343.66,172,172,3.00,3.00,5.99,3,3,0.00,0.00,0,0
1567025778,s4,0.00,0.00,0.00,0,0,0.00,0.00,0.00,0,0,0.00,0.00,0,0
1567025778,total,1280433.62,1280325.75,2560759.25,1281606,1281714,1242.76,1244.76,2487.51,1246,1244,0.00,0.00,0,0
1567025779,s5,0.00,0.00,0.00,0,0,0.00,0.00,0.00,0,0,0.00,0.00,0,0
1567025779,s1,0.00,0.00,0.00,0,0,0.00,0.00,0.00,0,0,0.00,0.00,0,0
1567025779,eth0,0.00,154.00,154.00,154,0,0.00,2.00,2.00,2,0,0.00,0.00,0,0
1567025779,eth1,0.00,154.00,154.00,154,0,0.00,2.00,2.00,2,0,0.00,0.00,0,0
1567025779,s2,0.00,0.00,0.00,0,0,0.00,0.00,0.00,0,0,0.00,0.00,0,0
1567025779,s1-eth2,30562.00,1250564.00,1281126.00,1250564,30562,413.00,826.00,1239.00,826,413,0.00,0.00,0,0
1567025779,s1-eth1,1250564.00,30562.00,1281126.00,30562,1250564,826.00,413.00,1239.00,413,826,0.00,0.00,0,0
1567025779,s3,0.00,0.00,0.00,0,0,0.00,0.00,0.00,0,0,0.00,0.00,0,0
1567025779,lo,688.00,688.00,1376.00,688,688,12.00,12.00,24.00,12,12,0.00,0.00,0,0
1567025779,s4,0.00,0.00,0.00,0,0,0.00,0.00,0.00,0,0,0.00,0.00,0,0
1567025779,total,1281814.00,1282122.00,2563936.00,1282122,1281814,1251.00,1255.00,2506.00,1255,1251,0.00,0.00,0,0
1567025780,s5,0.00,0.00,0.00,0,0,0.00,0.00,0.00,0,0,0.00,0.00,0,0
1567025780,s1,0.00,0.00,0.00,0,0,0.00,0.00,0.00,0,0,0.00,0.00,0,0
1567025780,eth0,0.00,154.00,154.00,154,0,0.00,2.00,2.00,2,0,0.00,0.00,0,0
1567025780,eth1,0.00,154.00,154.00,154,0,0.00,2.00,2.00,2,0,0.00,0.00,0,0
1567025780,s2,0.00,0.00,0.00,0,0,0.00,0.00,0.00,0,0,0.00,0.00,0,0
1567025780,s1-eth2,30488.00,1250564.00,1281052.00,1250564,30488,412.00,826.00,1238.00,826,412,0.00,0.00,0,0
1567025780,s1-eth1,1250906.00,30562.00,1281468.00,30562,1250906,827.00,413.00,1240.00,413,827,0.00,0.00,0,0
1567025780,s3,0.00,0.00,0.00,0,0,0.00,0.00,0.00,0,0,0.00,0.00,0,0
1567025780,lo,0.00,0.00,0.00,0,0,0.00,0.00,0.00,0,0,0.00,0.00,0,0
1567025780,s4,0.00,0.00,0.00,0,0,0.00,0.00,0.00,0,0,0.00,0.00,0,0
1567025780,total,1281394.00,1281434.00,2562828.00,1281434,1281394,1239.00,1243.00,2482.00,1243,1239,0.00,0.00,0,0
1567025781,s5,0.00,0.00,0.00,0,0,0.00,0.00,0.00,0,0,0.00,0.00,0,0
1567025781,s1,0.00,0.00,0.00,0,0,0.00,0.00,0.00,0,0,0.00,0.00,0,0
1567025781,eth0,0.00,93.91,93.91,94,0,0.00,1.00,1.00,1,0,0.00,0.00,0,0
1567025781,eth1,0.00,93.91,93.91,94,0,0.00,1.00,1.00,1,0,0.00,0.00,0,0
1567025781,s2,0.00,0.00,0.00,0,0,0.00,0.00,0.00,0,0,0.00,0.00,0,0
1567025781,s1-eth2,30605.39,1250827.25,1281432.62,1252078,30636,413.59,826.17,1239.76,827,414,0.00,0.00,0,0
1567025781,s1-eth1,1250827.25,30531.47,1281358.62,30562,1252078,826.17,412.59,1238.76,413,827,0.00,0.00,0,0
1567025781,s3,0.00,0.00,0.00,0,0,0.00,0.00,0.00,0,0,0.00,0.00,0,0
1567025781,lo,0.00,0.00,0.00,0,0,0.00,0.00,0.00,0,0,0.00,0.00,0,0
1567025781,s4,0.00,0.00,0.00,0,0,0.00,0.00,0.00,0,0,0.00,0.00,0,0
1567025781,total,1281432.62,1281546.50,2562979.00,1282828,1282714,1239.76,1240.76,2480.52,1242,1241,0.00,0.00,0,0
1567025782,s5,0.00,0.00,0.00,0,0,0.00,0.00,0.00,0,0,0.00,0.00,0,0
1567025782,s1,0.00,0.00,0.00,0,0,0.00,0.00,0.00,0,0,0.00,0.00,0,0
1567025782,eth0,0.00,274.00,274.00,274,0,0.00,4.00,4.00,4,0,0.00,0.00,0,0
1567025782,eth1,0.00,274.00,274.00,274,0,0.00,4.00,4.00,4,0,0.00,0.00,0,0
1567025782,s2,0.00,0.00,0.00,0,0,0.00,0.00,0.00,0,0,0.00,0.00,0,0
1567025782,s1-eth2,30604.00,1250606.00,1281210.00,1250606,30604,414.00,827.00,1241.00,827,414,0.00,0.00,0,0
1567025782,s1-eth1,1250606.00,30604.00,1281210.00,30604,1250606,827.00,414.00,1241.00,414,827,0.00,0.00,0,0
1567025782,s3,0.00,0.00,0.00,0,0,0.00,0.00,0.00,0,0,0.00,0.00,0,0
1567025782,lo,296.00,296.00,592.00,296,296,3.00,3.00,6.00,3,3,0.00,0.00,0,0
1567025782,s4,0.00,0.00,0.00,0,0,0.00,0.00,0.00,0,0,0.00,0.00,0,0
1567025782,total,1281506.00,1282054.00,2563560.00,1282054,1281506,1244.00,1252.00,2496.00,1252,1244,0.00,0.00,0,0
1567025783,s5,0.00,0.00,0.00,0,0,0.00,0.00,0.00,0,0,0.00,0.00,0,0
1567025783,s1,0.00,0.00,0.00,0,0,0.00,0.00,0.00,0,0,0.00,0.00,0,0
1567025783,eth0,0.00,171.00,171.00,171,0,0.00,2.00,2.00,2,0,0.00,0.00,0,0
1567025783,eth1,0.00,171.00,171.00,171,0,0.00,2.00,2.00,2,0,0.00,0.00,0,0
1567025783,s2,0.00,0.00,0.00,0,0,0.00,0.00,0.00,0,0,0.00,0.00,0,0
1567025783,s1-eth2,30562.00,1250564.00,1281126.00,1250564,30562,413.00,826.00,1239.00,826,413,0.00,0.00,0,0
1567025783,s1-eth1,1250564.00,30562.00,1281126.00,30562,1250564,826.00,413.00,1239.00,413,826,0.00,0.00,0,0
1567025783,s3,0.00,0.00,0.00,0,0,0.00,0.00,0.00,0,0,0.00,0.00,0,0
1567025783,lo,0.00,0.00,0.00,0,0,0.00,0.00,0.00,0,0,0.00,0.00,0,0
1567025783,s4,0.00,0.00,0.00,0,0,0.00,0.00,0.00,0,0,0.00,0.00,0,0
1567025783,total,1281126.00,1281468.00,2562594.00,1281468,1281126,1239.00,1243.00,2482.00,1243,1239,0.00,0.00,0,0
1567025784,s5,0.00,0.00,0.00,0,0,0.00,0.00,0.00,0,0,0.00,0.00,0,0
1567025784,s1,0.00,0.00,0.00,0,0,0.00,0.00,0.00,0,0,0.00,0.00,0,0
1567025784,eth0,0.00,154.00,154.00,154,0,0.00,2.00,2.00,2,0,0.00,0.00,0,0
1567025784,eth1,0.00,154.00,154.00,154,0,0.00,2.00,2.00,2,0,0.00,0.00,0,0
1567025784,s2,0.00,0.00,0.00,0,0,0.00,0.00,0.00,0,0,0.00,0.00,0,0
1567025784,s1-eth2,30562.00,1250564.00,1281126.00,1250564,30562,413.00,826.00,1239.00,826,413,0.00,0.00,0,0
1567025784,s1-eth1,1250564.00,30562.00,1281126.00,30562,1250564,826.00,413.00,1239.00,413,826,0.00,0.00,0,0
1567025784,s3,0.00,0.00,0.00,0,0,0.00,0.00,0.00,0,0,0.00,0.00,0,0
1567025784,lo,688.00,688.00,1376.00,688,688,12.00,12.00,24.00,12,12,0.00,0.00,0,0
1567025784,s4,0.00,0.00,0.00,0,0,0.00,0.00,0.00,0,0,0.00,0.00,0,0
1567025784,total,1281814.00,1282122.00,2563936.00,1282122,1281814,1251.00,1255.00,2506.00,1255,1251,0.00,0.00,0,0
1567025785,s5,0.00,0.00,0.00,0,0,0.00,0.00,0.00,0,0,0.00,0.00,0,0
1567025785,s1,0.00,0.00,0.00,0,0,0.00,0.00,0.00,0,0,0.00,0.00,0,0
1567025785,eth0,0.00,154.00,154.00,154,0,0.00,2.00,2.00,2,0,0.00,0.00,0,0
1567025785,eth1,0.00,154.00,154.00,154,0,0.00,2.00,2.00,2,0,0.00,0.00,0,0
1567025785,s2,0.00,0.00,0.00,0,0,0.00,0.00,0.00,0,0,0.00,0.00,0,0
1567025785,s1-eth2,30669.00,1250564.00,1281233.00,1250564,30669,414.00,826.00,1240.00,826,414,0.00,0.00,0,0
1567025785,s1-eth1,1250564.00,30562.00,1281126.00,30562,1250564,826.00,413.00,1239.00,413,826,0.00,0.00,0,0
1567025785,s3,0.00,0.00,0.00,0,0,0.00,0.00,0.00,0,0,0.00,0.00,0,0
1567025785,lo,0.00,0.00,0.00,0,0,0.00,0.00,0.00,0,0,0.00,0.00,0,0
1567025785,s4,0.00,0.00,0.00,0,0,0.00,0.00,0.00,0,0,0.00,0.00,0,0
1567025785,total,1281233.00,1281434.00,2562667.00,1281434,1281233,1240.00,1243.00,2483.00,1243,1240,0.00,0.00,0,0
1567025786,s5,0.00,0.00,0.00,0,0,0.00,0.00,0.00,0,0,0.00,0.00,0,0
1567025786,s1,0.00,0.00,0.00,0,0,0.00,0.00,0.00,0,0,0.00,0.00,0,0
1567025786,eth0,0.00,154.00,154.00,154,0,0.00,2.00,2.00,2,0,0.00,0.00,0,0
1567025786,eth1,0.00,154.00,154.00,154,0,0.00,2.00,2.00,2,0,0.00,0.00,0,0
1567025786,s2,0.00,0.00,0.00,0,0,0.00,0.00,0.00,0,0,0.00,0.00,0,0
1567025786,s1-eth2,30562.00,1250564.00,1281126.00,1250564,30562,413.00,826.00,1239.00,826,413,0.00,0.00,0,0
1567025786,s1-eth1,1250671.00,30562.00,1281233.00,30562,1250671,827.00,413.00,1240.00,413,827,0.00,0.00,0,0
1567025786,s3,0.00,0.00,0.00,0,0,0.00,0.00,0.00,0,0,0.00,0.00,0,0
1567025786,lo,172.00,172.00,344.00,172,172,3.00,3.00,6.00,3,3,0.00,0.00,0,0
1567025786,s4,0.00,0.00,0.00,0,0,0.00,0.00,0.00,0,0,0.00,0.00,0,0
1567025786,total,1281405.00,1281606.00,2563011.00,1281606,1281405,1243.00,1246.00,2489.00,1246,1243,0.00,0.00,0,0
1567025787,s5,0.00,0.00,0.00,0,0,0.00,0.00,0.00,0,0,0.00,0.00,0,0
1567025787,s1,0.00,0.00,0.00,0,0,0.00,0.00,0.00,0,0,0.00,0.00,0,0
1567025787,eth0,0.00,204.00,204.00,204,0,0.00,2.00,2.00,2,0,0.00,0.00,0,0
1567025787,eth1,0.00,204.00,204.00,204,0,0.00,2.00,2.00,2,0,0.00,0.00,0,0
1567025787,s2,0.00,0.00,0.00,0,0,0.00,0.00,0.00,0,0,0.00,0.00,0,0
1567025787,s1-eth2,30904.00,1250564.00,1281468.00,1250564,30904,414.00,826.00,1240.00,826,414,0.00,0.00,0,0
1567025787,s1-eth1,1250564.00,30636.00,1281200.00,30636,1250564,826.00,414.00,1240.00,414,826,0.00,0.00,0,0
1567025787,s3,0.00,0.00,0.00,0,0,0.00,0.00,0.00,0,0,0.00,0.00,0,0
1567025787,lo,0.00,0.00,0.00,0,0,0.00,0.00,0.00,0,0,0.00,0.00,0,0
1567025787,s4,0.00,0.00,0.00,0,0,0.00,0.00,0.00,0,0,0.00,0.00,0,0
1567025787,total,1281468.00,1281608.00,2563076.00,1281608,1281468,1240.00,1244.00,2484.00,1244,1240,0.00,0.00,0,0
1567025788,s5,0.00,0.00,0.00,0,0,0.00,0.00,0.00,0,0,0.00,0.00,0,0
1567025788,s1,0.00,0.00,0.00,0,0,0.00,0.00,0.00,0,0,0.00,0.00,0,0
1567025788,eth0,0.00,214.00,214.00,214,0,0.00,3.00,3.00,3,0,0.00,0.00,0,0
1567025788,eth1,0.00,214.00,214.00,214,0,0.00,3.00,3.00,3,0,0.00,0.00,0,0
1567025788,s2,0.00,0.00,0.00,0,0,0.00,0.00,0.00,0,0,0.00,0.00,0,0
1567025788,s1-eth2,30562.00,1250564.00,1281126.00,1250564,30562,413.00,826.00,1239.00,826,413,0.00,0.00,0,0
1567025788,s1-eth1,1250564.00,30562.00,1281126.00,30562,1250564,826.00,413.00,1239.00,413,826,0.00,0.00,0,0
1567025788,s3,0.00,0.00,0.00,0,0,0.00,0.00,0.00,0,0,0.00,0.00,0,0
1567025788,lo,0.00,0.00,0.00,0,0,0.00,0.00,0.00,0,0,0.00,0.00,0,0
1567025788,s4,0.00,0.00,0.00,0,0,0.00,0.00,0.00,0,0,0.00,0.00,0,0
1567025788,total,1281126.00,1281554.00,2562680.00,1281554,1281126,1239.00,1245.00,2484.00,1245,1239,0.00,0.00,0,0
1567025789,s5,0.00,0.00,0.00,0,0,0.00,0.00,0.00,0,0,0.00,0.00,0,0
1567025789,s1,0.00,0.00,0.00,0,0,0.00,0.00,0.00,0,0,0.00,0.00,0,0
1567025789,eth0,0.00,231.00,231.00,231,0,0.00,3.00,3.00,3,0,0.00,0.00,0,0
1567025789,eth1,0.00,231.00,231.00,231,0,0.00,3.00,3.00,3,0,0.00,0.00,0,0
1567025789,s2,0.00,0.00,0.00,0,0,0.00,0.00,0.00,0,0,0.00,0.00,0,0
1567025789,s1-eth2,30562.00,1250564.00,1281126.00,1250564,30562,413.00,826.00,1239.00,826,413,0.00,0.00,0,0
1567025789,s1-eth1,1250564.00,30562.00,1281126.00,30562,1250564,826.00,413.00,1239.00,413,826,0.00,0.00,0,0
1567025789,s3,0.00,0.00,0.00,0,0,0.00,0.00,0.00,0,0,0.00,0.00,0,0
1567025789,lo,688.00,688.00,1376.00,688,688,12.00,12.00,24.00,12,12,0.00,0.00,0,0
1567025789,s4,0.00,0.00,0.00,0,0,0.00,0.00,0.00,0,0,0.00,0.00,0,0
1567025789,total,1281814.00,1282276.00,2564090.00,1282276,1281814,1251.00,1257.00,2508.00,1257,1251,0.00,0.00,0,0
1567025790,s5,0.00,0.00,0.00,0,0,0.00,0.00,0.00,0,0,0.00,0.00,0,0
1567025790,s1,0.00,0.00,0.00,0,0,0.00,0.00,0.00,0,0,0.00,0.00,0,0
1567025790,eth0,0.00,154.00,154.00,154,0,0.00,2.00,2.00,2,0,0.00,0.00,0,0
1567025790,eth1,0.00,154.00,154.00,154,0,0.00,2.00,2.00,2,0,0.00,0.00,0,0
1567025790,s2,0.00,0.00,0.00,0,0,0.00,0.00,0.00,0,0,0.00,0.00,0,0
1567025790,s1-eth2,30562.00,1250564.00,1281126.00,1250564,30562,413.00,826.00,1239.00,826,413,0.00,0.00,0,0
1567025790,s1-eth1,1250564.00,30562.00,1281126.00,30562,1250564,826.00,413.00,1239.00,413,826,0.00,0.00,0,0
1567025790,s3,0.00,0.00,0.00,0,0,0.00,0.00,0.00,0,0,0.00,0.00,0,0
1567025790,lo,0.00,0.00,0.00,0,0,0.00,0.00,0.00,0,0,0.00,0.00,0,0
1567025790,s4,0.00,0.00,0.00,0,0,0.00,0.00,0.00,0,0,0.00,0.00,0,0
1567025790,total,1281126.00,1281434.00,2562560.00,1281434,1281126,1239.00,1243.00,2482.00,1243,1239,0.00,0.00,0,0
1567025791,s5,0.00,0.00,0.00,0,0,0.00,0.00,0.00,0,0,0.00,0.00,0,0
1567025791,s1,0.00,0.00,0.00,0,0,0.00,0.00,0.00,0,0,0.00,0.00,0,0
1567025791,eth0,0.00,516.00,516.00,516,0,0.00,6.00,6.00,6,0,0.00,0.00,0,0
1567025791,eth1,0.00,516.00,516.00,516,0,0.00,6.00,6.00,6,0,0.00,0.00,0,0
1567025791,s2,0.00,0.00,0.00,0,0,0.00,0.00,0.00,0,0,0.00,0.00,0,0
1567025791,s1-eth2,30562.00,1250564.00,1281126.00,1250564,30562,413.00,826.00,1239.00,826,413,0.00,0.00,0,0
1567025791,s1-eth1,1250564.00,30562.00,1281126.00,30562,1250564,826.00,413.00,1239.00,413,826,0.00,0.00,0,0
1567025791,s3,0.00,0.00,0.00,0,0,0.00,0.00,0.00,0,0,0.00,0.00,0,0
1567025791,lo,172.00,172.00,344.00,172,172,3.00,3.00,6.00,3,3,0.00,0.00,0,0
1567025791,s4,0.00,0.00,0.00,0,0,0.00,0.00,0.00,0,0,0.00,0.00,0,0
1567025791,total,1281298.00,1282330.00,2563628.00,1282330,1281298,1242.00,1254.00,2496.00,1254,1242,0.00,0.00,0,0
1567025792,s5,0.00,0.00,0.00,0,0,0.00,0.00,0.00,0,0,0.00,0.00,0,0
1567025792,s1,0.00,0.00,0.00,0,0,0.00,0.00,0.00,0,0,0.00,0.00,0,0
1567025792,eth0,0.00,608.00,608.00,608,0,0.00,7.00,7.00,7,0,0.00,0.00,0,0
1567025792,eth1,0.00,608.00,608.00,608,0,0.00,7.00,7.00,7,0,0.00,0.00,0,0
1567025792,s2,0.00,0.00,0.00,0,0,0.00,0.00,0.00,0,0,0.00,0.00,0,0
1567025792,s1-eth2,30562.00,1250564.00,1281126.00,1250564,30562,413.00,826.00,1239.00,826,413,0.00,0.00,0,0
1567025792,s1-eth1,1250564.00,30562.00,1281126.00,30562,1250564,826.00,413.00,1239.00,413,826,0.00,0.00,0,0
1567025792,s3,0.00,0.00,0.00,0,0,0.00,0.00,0.00,0,0,0.00,0.00,0,0
1567025792,lo,0.00,0.00,0.00,0,0,0.00,0.00,0.00,0,0,0.00,0.00,0,0
1567025792,s4,0.00,0.00,0.00,0,0,0.00,0.00,0.00,0,0,0.00,0.00,0,0
1567025792,total,1281126.00,1282342.00,2563468.00,1282342,1281126,1239.00,1253.00,2492.00,1253,1239,0.00,0.00,0,0
1567025793,s5,0.00,0.00,0.00,0,0,0.00,0.00,0.00,0,0,0.00,0.00,0,0
1567025793,s1,0.00,0.00,0.00,0,0,0.00,0.00,0.00,0,0,0.00,0.00,0,0
1567025793,eth0,0.00,444.00,444.00,444,0,0.00,3.00,3.00,3,0,0.00,0.00,0,0
1567025793,eth1,0.00,444.00,444.00,444,0,0.00,3.00,3.00,3,0,0.00,0.00,0,0
1567025793,s2,0.00,0.00,0.00,0,0,0.00,0.00,0.00,0,0,0.00,0.00,0,0
1567025793,s1-eth2,30562.00,1250564.00,1281126.00,1250564,30562,413.00,826.00,1239.00,826,413,0.00,0.00,0,0
1567025793,s1-eth1,1250564.00,30562.00,1281126.00,30562,1250564,826.00,413.00,1239.00,413,826,0.00,0.00,0,0
1567025793,s3,0.00,0.00,0.00,0,0,0.00,0.00,0.00,0,0,0.00,0.00,0,0
1567025793,lo,0.00,0.00,0.00,0,0,0.00,0.00,0.00,0,0,0.00,0.00,0,0
1567025793,s4,0.00,0.00,0.00,0,0,0.00,0.00,0.00,0,0,0.00,0.00,0,0
1567025793,total,1281126.00,1282014.00,2563140.00,1282014,1281126,1239.00,1245.00,2484.00,1245,1239,0.00,0.00,0,0
1567025794,s5,0.00,0.00,0.00,0,0,0.00,0.00,0.00,0,0,0.00,0.00,0,0
1567025794,s1,0.00,0.00,0.00,0,0,0.00,0.00,0.00,0,0,0.00,0.00,0,0
1567025794,eth0,0.00,214.00,214.00,214,0,0.00,3.00,3.00,3,0,0.00,0.00,0,0
1567025794,eth1,0.00,214.00,214.00,214,0,0.00,3.00,3.00,3,0,0.00,0.00,0,0
1567025794,s2,0.00,0.00,0.00,0,0,0.00,0.00,0.00,0,0,0.00,0.00,0,0
1567025794,s1-eth2,30562.00,1250564.00,1281126.00,1250564,30562,413.00,826.00,1239.00,826,413,0.00,0.00,0,0
1567025794,s1-eth1,1250564.00,30562.00,1281126.00,30562,1250564,826.00,413.00,1239.00,413,826,0.00,0.00,0,0
1567025794,s3,0.00,0.00,0.00,0,0,0.00,0.00,0.00,0,0,0.00,0.00,0,0
1567025794,lo,688.00,688.00,1376.00,688,688,12.00,12.00,24.00,12,12,0.00,0.00,0,0
1567025794,s4,0.00,0.00,0.00,0,0,0.00,0.00,0.00,0,0,0.00,0.00,0,0
1567025794,total,1281814.00,1282242.00,2564056.00,1282242,1281814,1251.00,1257.00,2508.00,1257,1251,0.00,0.00,0,0
1567025795,s5,0.00,0.00,0.00,0,0,0.00,0.00,0.00,0,0,0.00,0.00,0,0
1567025795,s1,0.00,0.00,0.00,0,0,0.00,0.00,0.00,0,0,0.00,0.00,0,0
1567025795,eth0,0.00,257.00,257.00,257,0,0.00,3.00,3.00,3,0,0.00,0.00,0,0
1567025795,eth1,0.00,257.00,257.00,257,0,0.00,3.00,3.00,3,0,0.00,0.00,0,0
1567025795,s2,0.00,0.00,0.00,0,0,0.00,0.00,0.00,0,0,0.00,0.00,0,0
1567025795,s1-eth2,30562.00,1250564.00,1281126.00,1250564,30562,413.00,826.00,1239.00,826,413,0.00,0.00,0,0
1567025795,s1-eth1,1250906.00,30562.00,1281468.00,30562,1250906,827.00,413.00,1240.00,413,827,0.00,0.00,0,0
1567025795,s3,0.00,0.00,0.00,0,0,0.00,0.00,0.00,0,0,0.00,0.00,0,0
1567025795,lo,0.00,0.00,0.00,0,0,0.00,0.00,0.00,0,0,0.00,0.00,0,0
1567025795,s4,0.00,0.00,0.00,0,0,0.00,0.00,0.00,0,0,0.00,0.00,0,0
1567025795,total,1281468.00,1281640.00,2563108.00,1281640,1281468,1240.00,1245.00,2485.00,1245,1240,0.00,0.00,0,0
1567025796,s5,0.00,0.00,0.00,0,0,0.00,0.00,0.00,0,0,0.00,0.00,0,0
1567025796,s1,0.00,0.00,0.00,0,0,0.00,0.00,0.00,0,0,0.00,0.00,0,0
1567025796,eth0,0.00,153.85,153.85,154,0,0.00,2.00,2.00,2,0,0.00,0.00,0,0
1567025796,eth1,0.00,153.85,153.85,154,0,0.00,2.00,2.00,2,0,0.00,0.00,0,0
1567025796,s2,0.00,0.00,0.00,0,0,0.00,0.00,0.00,0,0,0.00,0.00,0,0
1567025796,s1-eth2,30605.39,1250827.25,1281432.62,1252078,30636,413.59,826.17,1239.76,827,414,0.00,0.00,0,0
1567025796,s1-eth1,1250827.25,30531.47,1281358.62,30562,1252078,826.17,412.59,1238.76,413,827,0.00,0.00,0,0
1567025796,s3,0.00,0.00,0.00,0,0,0.00,0.00,0.00,0,0,0.00,0.00,0,0
1567025796,lo,171.83,171.83,343.66,172,172,3.00,3.00,5.99,3,3,0.00,0.00,0,0
1567025796,s4,0.00,0.00,0.00,0,0,0.00,0.00,0.00,0,0,0.00,0.00,0,0
1567025796,total,1281604.38,1281838.25,2563442.75,1283120,1282886,1242.76,1245.75,2488.51,1247,1244,0.00,0.00,0,0
1567025797,s5,0.00,0.00,0.00,0,0,0.00,0.00,0.00,0,0,0.00,0.00,0,0
1567025797,s1,0.00,0.00,0.00,0,0,0.00,0.00,0.00,0,0,0.00,0.00,0,0
1567025797,eth0,0.00,214.00,214.00,214,0,0.00,3.00,3.00,3,0,0.00,0.00,0,0
1567025797,eth1,0.00,214.00,214.00,214,0,0.00,3.00,3.00,3,0,0.00,0.00,0,0
1567025797,s2,0.00,0.00,0.00,0,0,0.00,0.00,0.00,0,0,0.00,0.00,0,0
1567025797,s1-eth2,30488.00,1250564.00,1281052.00,1250564,30488,412.00,826.00,1238.00,826,412,0.00,0.00,0,0
1567025797,s1-eth1,1250564.00,30562.00,1281126.00,30562,1250564,826.00,413.00,1239.00,413,826,0.00,0.00,0,0
1567025797,s3,0.00,0.00,0.00,0,0,0.00,0.00,0.00,0,0,0.00,0.00,0,0
1567025797,lo,0.00,0.00,0.00,0,0,0.00,0.00,0.00,0,0,0.00,0.00,0,0
1567025797,s4,0.00,0.00,0.00,0,0,0.00,0.00,0.00,0,0,0.00,0.00,0,0
1567025797,total,1281052.00,1281554.00,2562606.00,1281554,1281052,1238.00,1245.00,2483.00,1245,1238,0.00,0.00,0,0
1567025798,s5,0.00,0.00,0.00,0,0,0.00,0.00,0.00,0,0,0.00,0.00,0,0
1567025798,s1,0.00,0.00,0.00,0,0,0.00,0.00,0.00,0,0,0.00,0.00,0,0
1567025798,eth0,0.00,154.00,154.00,154,0,0.00,2.00,2.00,2,0,0.00,0.00,0,0
1567025798,eth1,0.00,154.00,154.00,154,0,0.00,2.00,2.00,2,0,0.00,0.00,0,0
1567025798,s2,0.00,0.00,0.00,0,0,0.00,0.00,0.00,0,0,0.00,0.00,0,0
1567025798,s1-eth2,30488.00,1249050.00,1279538.00,1249050,30488,412.00,825.00,1237.00,825,412,0.00,0.00,0,0
1567025798,s1-eth1,1247536.00,30488.00,1278024.00,30488,1247536,824.00,412.00,1236.00,412,824,0.00,0.00,0,0
1567025798,s3,0.00,0.00,0.00,0,0,0.00,0.00,0.00,0,0,0.00,0.00,0,0
1567025798,lo,0.00,0.00,0.00,0,0,0.00,0.00,0.00,0,0,0.00,0.00,0,0
1567025798,s4,0.00,0.00,0.00,0,0,0.00,0.00,0.00,0,0,0.00,0.00,0,0
1567025798,total,1278024.00,1279846.00,2557870.00,1279846,1278024,1236.00,1241.00,2477.00,1241,1236,0.00,0.00,0,0
1567025799,s5,0.00,0.00,0.00,0,0,0.00,0.00,0.00,0,0,0.00,0.00,0,0
1567025799,s1,0.00,0.00,0.00,0,0,0.00,0.00,0.00,0,0,0.00,0.00,0,0
1567025799,eth0,0.00,94.00,94.00,94,0,0.00,1.00,1.00,1,0,0.00,0.00,0,0
1567025799,eth1,0.00,94.00,94.00,94,0,0.00,1.00,1.00,1,0,0.00,0.00,0,0
1567025799,s2,0.00,0.00,0.00,0,0,0.00,0.00,0.00,0,0,0.00,0.00,0,0
1567025799,s1-eth2,30636.00,1250564.00,1281200.00,1250564,30636,414.00,826.00,1240.00,826,414,0.00,0.00,0,0
1567025799,s1-eth1,1250564.00,30562.00,1281126.00,30562,1250564,826.00,413.00,1239.00,413,826,0.00,0.00,0,0
1567025799,s3,0.00,0.00,0.00,0,0,0.00,0.00,0.00,0,0,0.00,0.00,0,0
1567025799,lo,688.00,688.00,1376.00,688,688,12.00,12.00,24.00,12,12,0.00,0.00,0,0
1567025799,s4,0.00,0.00,0.00,0,0,0.00,0.00,0.00,0,0,0.00,0.00,0,0
1567025799,total,1281888.00,1282002.00,2563890.00,1282002,1281888,1252.00,1253.00,2505.00,1253,1252,0.00,0.00,0,0
1567025800,s5,0.00,0.00,0.00,0,0,0.00,0.00,0.00,0,0,0.00,0.00,0,0
1567025800,s1,0.00,0.00,0.00,0,0,0.00,0.00,0.00,0,0,0.00,0.00,0,0
1567025800,eth0,0.00,274.00,274.00,274,0,0.00,4.00,4.00,4,0,0.00,0.00,0,0
1567025800,eth1,0.00,274.00,274.00,274,0,0.00,4.00,4.00,4,0,0.00,0.00,0,0
1567025800,s2,0.00,0.00,0.00,0,0,0.00,0.00,0.00,0,0,0.00,0.00,0,0
1567025800,s1-eth2,30488.00,1249050.00,1279538.00,1249050,30488,412.00,825.00,1237.00,825,412,0.00,0.00,0,0
1567025800,s1-eth1,1250564.00,30562.00,1281126.00,30562,1250564,826.00,413.00,1239.00,413,826,0.00,0.00,0,0
1567025800,s3,0.00,0.00,0.00,0,0,0.00,0.00,0.00,0,0,0.00,0.00,0,0
1567025800,lo,0.00,0.00,0.00,0,0,0.00,0.00,0.00,0,0,0.00,0.00,0,0
1567025800,s4,0.00,0.00,0.00,0,0,0.00,0.00,0.00,0,0,0.00,0.00,0,0
1567025800,total,1281052.00,1280160.00,2561212.00,1280160,1281052,1238.00,1246.00,2484.00,1246,1238,0.00,0.00,0,0
1567025801,s5,0.00,0.00,0.00,0,0,0.00,0.00,0.00,0,0,0.00,0.00,0,0
1567025801,s1,0.00,0.00,0.00,0,0,0.00,0.00,0.00,0,0,0.00,0.00,0,0
1567025801,eth0,803.20,876.12,1679.32,877,804,8.99,7.99,16.98,8,9,0.00,0.00,0,0
1567025801,eth1,0.00,876.12,876.12,877,0,0.00,7.99,7.99,8,0,0.00,0.00,0,0
1567025801,s2,0.00,0.00,0.00,0,0,0.00,0.00,0.00,0,0,0.00,0.00,0,0
1567025801,s1-eth2,30687.31,1235702.38,1266389.62,1236938,30718,410.59,816.18,1226.77,817,411,0.00,0.00,0,0
1567025801,s1-eth1,1236153.88,30235.77,1266389.62,30266,1237390,818.18,408.59,1226.77,409,819,0.00,0.00,0,0
1567025801,s3,0.00,0.00,0.00,0,0,0.00,0.00,0.00,0,0,0.00,0.00,0,0
1567025801,lo,853.15,853.15,1706.29,854,854,10.99,10.99,21.98,11,11,0.00,0.00,0,0
1567025801,s4,0.00,0.00,0.00,0,0,0.00,0.00,0.00,0,0,0.00,0.00,0,0
1567025801,total,1268497.50,1268543.50,2537041.00,1269812,1269766,1248.75,1251.75,2500.50,1253,1250,0.00,0.00,0,0
1567025802,s5,0.00,0.00,0.00,0,0,0.00,0.00,0.00,0,0,0.00,0.00,0,0
1567025802,s1,0.00,0.00,0.00,0,0,0.00,0.00,0.00,0,0,0.00,0.00,0,0
1567025802,eth0,151.85,398.60,550.45,399,152,2.00,4.00,5.99,4,2,0.00,0.00,0,0
1567025802,eth1,0.00,398.60,398.60,399,0,0.00,4.00,4.00,4,0,0.00,0.00,0,0
1567025802,s2,0.00,0.00,0.00,0,0,0.00,0.00,0.00,0,0,0.00,0.00,0,0
1567025802,s1-eth2,30793.21,1250827.25,1281620.38,1252078,30824,415.58,826.17,1241.76,827,416,0.00,0.00,0,0
1567025802,s1-eth1,1251015.00,30531.47,1281546.50,30562,1252266,828.17,412.59,1240.76,413,829,0.00,0.00,0,0
1567025802,s3,0.00,0.00,0.00,0,0,0.00,0.00,0.00,0,0,0.00,0.00,0,0
1567025802,lo,340.66,340.66,681.32,341,341,4.00,4.00,7.99,4,4,0.00,0.00,0,0
1567025802,s4,0.00,0.00,0.00,0,0,0.00,0.00,0.00,0,0,0.00,0.00,0,0
1567025802,total,1282300.75,1282496.50,2564797.25,1283779,1283583,1249.75,1250.75,2500.50,1252,1251,0.00,0.00,0,0
1567025803,s5,0.00,0.00,0.00,0,0,0.00,0.00,0.00,0,0,0.00,0.00,0,0
1567025803,s1,0.00,0.00,0.00,0,0,0.00,0.00,0.00,0,0,0.00,0.00,0,0
1567025803,eth0,304.00,644.00,948.00,644,304,4.00,6.00,10.00,6,4,0.00,0.00,0,0
1567025803,eth1,0.00,644.00,644.00,644,0,0.00,6.00,6.00,6,0,0.00,0.00,0,0
1567025803,s2,0.00,0.00,0.00,0,0,0.00,0.00,0.00,0,0,0.00,0.00,0,0
1567025803,s1-eth2,32267.00,1249050.00,1281317.00,1249050,32267,422.00,825.00,1247.00,825,422,0.00,0.00,0,0
1567025803,s1-eth1,1250719.00,30562.00,1281281.00,30562,1250719,834.00,413.00,1247.00,413,834,0.00,0.00,0,0
1567025803,s3,0.00,0.00,0.00,0,0,0.00,0.00,0.00,0,0,0.00,0.00,0,0
1567025803,lo,682.00,682.00,1364.00,682,682,8.00,8.00,16.00,8,8,0.00,0.00,0,0
1567025803,s4,0.00,0.00,0.00,0,0,0.00,0.00,0.00,0,0,0.00,0.00,0,0
1567025803,total,1283972.00,1281582.00,2565554.00,1281582,1283972,1268.00,1258.00,2526.00,1258,1268,0.00,0.00,0,0
1567025804,s5,0.00,0.00,0.00,0,0,0.00,0.00,0.00,0,0,0.00,0.00,0,0
1567025804,s1,0.00,0.00,0.00,0,0,0.00,0.00,0.00,0,0,0.00,0.00,0,0
1567025804,eth0,152.00,399.00,551.00,399,152,2.00,4.00,6.00,4,2,0.00,0.00,0,0
1567025804,eth1,0.00,399.00,399.00,399,0,0.00,4.00,4.00,4,0,0.00,0.00,0,0
1567025804,s2,0.00,0.00,0.00,0,0,0.00,0.00,0.00,0,0,0.00,0.00,0,0
1567025804,s1-eth2,31189.00,1250564.00,1281753.00,1250564,31189,415.00,826.00,1241.00,826,415,0.00,0.00,0,0
1567025804,s1-eth1,1250203.00,30488.00,1280691.00,30488,1250203,830.00,412.00,1242.00,412,830,0.00,0.00,0,0
1567025804,s3,0.00,0.00,0.00,0,0,0.00,0.00,0.00,0,0,0.00,0.00,0,0
1567025804,lo,1029.00,1029.00,2058.00,1029,1029,16.00,16.00,32.00,16,16,0.00,0.00,0,0
1567025804,s4,0.00,0.00,0.00,0,0,0.00,0.00,0.00,0,0,0.00,0.00,0,0
1567025804,total,1282573.00,1282879.00,2565452.00,1282879,1282573,1263.00,1262.00,2525.00,1262,1263,0.00,0.00,0,0
1567025805,s5,0.00,0.00,0.00,0,0,0.00,0.00,0.00,0,0,0.00,0.00,0,0
1567025805,s1,0.00,0.00,0.00,0,0,0.00,0.00,0.00,0,0,0.00,0.00,0,0
1567025805,eth0,0.00,180.00,180.00,180,0,0.00,2.00,2.00,2,0,0.00,0.00,0,0
1567025805,eth1,0.00,180.00,180.00,180,0,0.00,2.00,2.00,2,0,0.00,0.00,0,0
1567025805,s2,0.00,0.00,0.00,0,0,0.00,0.00,0.00,0,0,0.00,0.00,0,0
1567025805,s1-eth2,31231.00,1250564.00,1281795.00,1250564,31231,415.00,826.00,1241.00,826,415,0.00,0.00,0,0
1567025805,s1-eth1,1250891.00,30562.00,1281453.00,30562,1250891,827.00,413.00,1240.00,413,827,0.00,0.00,0,0
1567025805,s3,0.00,0.00,0.00,0,0,0.00,0.00,0.00,0,0,0.00,0.00,0,0
1567025805,lo,0.00,0.00,0.00,0,0,0.00,0.00,0.00,0,0,0.00,0.00,0,0
1567025805,s4,0.00,0.00,0.00,0,0,0.00,0.00,0.00,0,0,0.00,0.00,0,0
1567025805,total,1282122.00,1281486.00,2563608.00,1281486,1282122,1242.00,1243.00,2485.00,1243,1242,0.00,0.00,0,0
1567025806,s5,0.00,0.00,0.00,0,0,0.00,0.00,0.00,0,0,0.00,0.00,0,0
1567025806,s1,0.00,0.00,0.00,0,0,0.00,0.00,0.00,0,0,0.00,0.00,0,0
1567025806,eth0,60.00,214.00,274.00,214,60,1.00,3.00,4.00,3,1,0.00,0.00,0,0
1567025806,eth1,0.00,274.00,274.00,274,0,0.00,4.00,4.00,4,0,0.00,0.00,0,0
1567025806,s2,0.00,0.00,0.00,0,0,0.00,0.00,0.00,0,0,0.00,0.00,0,0
1567025806,s1-eth2,31010.00,1250564.00,1281574.00,1250564,31010,416.00,826.00,1242.00,826,416,0.00,0.00,0,0
1567025806,s1-eth1,1250938.00,30562.00,1281500.00,30562,1250938,828.00,413.00,1241.00,413,828,0.00,0.00,0,0
1567025806,s3,0.00,0.00,0.00,0,0,0.00,0.00,0.00,0,0,0.00,0.00,0,0
1567025806,lo,172.00,172.00,344.00,172,172,3.00,3.00,6.00,3,3,0.00,0.00,0,0
1567025806,s4,0.00,0.00,0.00,0,0,0.00,0.00,0.00,0,0,0.00,0.00,0,0
1567025806,total,1282180.00,1281786.00,2563966.00,1281786,1282180,1248.00,1249.00,2497.00,1249,1248,0.00,0.00,0,0
1567025807,s5,0.00,0.00,0.00,0,0,0.00,0.00,0.00,0,0,0.00,0.00,0,0
1567025807,s1,0.00,0.00,0.00,0,0,0.00,0.00,0.00,0,0,0.00,0.00,0,0
1567025807,eth0,60.00,231.00,291.00,231,60,1.00,3.00,4.00,3,1,0.00,0.00,0,0
1567025807,eth1,0.00,291.00,291.00,291,0,0.00,4.00,4.00,4,0,0.00,0.00,0,0
1567025807,s2,0.00,0.00,0.00,0,0,0.00,0.00,0.00,0,0,0.00,0.00,0,0
1567025807,s1-eth2,30885.00,1250564.00,1281449.00,1250564,30885,414.00,826.00,1240.00,826,414,0.00,0.00,0,0
1567025807,s1-eth1,1249447.00,30562.00,1280009.00,30562,1249447,827.00,413.00,1240.00,413,827,0.00,0.00,0,0
1567025807,s3,0.00,0.00,0.00,0,0,0.00,0.00,0.00,0,0,0.00,0.00,0,0
1567025807,lo,0.00,0.00,0.00,0,0,0.00,0.00,0.00,0,0,0.00,0.00,0,0
1567025807,s4,0.00,0.00,0.00,0,0,0.00,0.00,0.00,0,0,0.00,0.00,0,0
1567025807,total,1280392.00,1281648.00,2562040.00,1281648,1280392,1242.00,1246.00,2488.00,1246,1242,0.00,0.00,0,0
1567025808,s5,0.00,0.00,0.00,0,0,0.00,0.00,0.00,0,0,0.00,0.00,0,0
1567025808,s1,0.00,0.00,0.00,0,0,0.00,0.00,0.00,0,0,0.00,0.00,0,0
1567025808,eth0,60.00,240.00,300.00,240,60,1.00,3.00,4.00,3,1,0.00,0.00,0,0
1567025808,eth1,0.00,300.00,300.00,300,0,0.00,4.00,4.00,4,0,0.00,0.00,0,0
1567025808,s2,0.00,0.00,0.00,0,0,0.00,0.00,0.00,0,0,0.00,0.00,0,0
1567025808,s1-eth2,30562.00,1250564.00,1281126.00,1250564,30562,413.00,826.00,1239.00,826,413,0.00,0.00,0,0
1567025808,s1-eth1,1250906.00,30488.00,1281394.00,30488,1250906,827.00,412.00,1239.00,412,827,0.00,0.00,0,0
1567025808,s3,0.00,0.00,0.00,0,0,0.00,0.00,0.00,0,0,0.00,0.00,0,0
1567025808,lo,0.00,0.00,0.00,0,0,0.00,0.00,0.00,0,0,0.00,0.00,0,0
1567025808,s4,0.00,0.00,0.00,0,0,0.00,0.00,0.00,0,0,0.00,0.00,0,0
1567025808,total,1281528.00,1281592.00,2563120.00,1281592,1281528,1241.00,1245.00,2486.00,1245,1241,0.00,0.00,0,0
1567025809,s5,0.00,0.00,0.00,0,0,0.00,0.00,0.00,0,0,0.00,0.00,0,0
1567025809,s1,0.00,0.00,0.00,0,0,0.00,0.00,0.00,0,0,0.00,0.00,0,0
1567025809,eth0,0.00,154.00,154.00,154,0,0.00,2.00,2.00,2,0,0.00,0.00,0,0
1567025809,eth1,0.00,154.00,154.00,154,0,0.00,2.00,2.00,2,0,0.00,0.00,0,0
1567025809,s2,0.00,0.00,0.00,0,0,0.00,0.00,0.00,0,0,0.00,0.00,0,0
1567025809,s1-eth2,30562.00,1249050.00,1279612.00,1249050,30562,413.00,825.00,1238.00,825,413,0.00,0.00,0,0
1567025809,s1-eth1,1249050.00,30562.00,1279612.00,30562,1249050,825.00,413.00,1238.00,413,825,0.00,0.00,0,0
1567025809,s3,0.00,0.00,0.00,0,0,0.00,0.00,0.00,0,0,0.00,0.00,0,0
1567025809,lo,688.00,688.00,1376.00,688,688,12.00,12.00,24.00,12,12,0.00,0.00,0,0
1567025809,s4,0.00,0.00,0.00,0,0,0.00,0.00,0.00,0,0,0.00,0.00,0,0
1567025809,total,1280300.00,1280608.00,2560908.00,1280608,1280300,1250.00,1254.00,2504.00,1254,1250,0.00,0.00,0,0
1567025810,s5,0.00,0.00,0.00,0,0,0.00,0.00,0.00,0,0,0.00,0.00,0,0
1567025810,s1,0.00,0.00,0.00,0,0,0.00,0.00,0.00,0,0,0.00,0.00,0,0
1567025810,eth0,0.00,154.00,154.00,154,0,0.00,2.00,2.00,2,0,0.00,0.00,0,0
1567025810,eth1,0.00,154.00,154.00,154,0,0.00,2.00,2.00,2,0,0.00,0.00,0,0
1567025810,s2,0.00,0.00,0.00,0,0,0.00,0.00,0.00,0,0,0.00,0.00,0,0
1567025810,s1-eth2,30711.00,1250606.00,1281317.00,1250606,30711,415.00,827.00,1242.00,827,415,0.00,0.00,0,0
1567025810,s1-eth1,1250713.00,30604.00,1281317.00,30604,1250713,828.00,414.00,1242.00,414,828,0.00,0.00,0,0
1567025810,s3,0.00,0.00,0.00,0,0,0.00,0.00,0.00,0,0,0.00,0.00,0,0
1567025810,lo,0.00,0.00,0.00,0,0,0.00,0.00,0.00,0,0,0.00,0.00,0,0
1567025810,s4,0.00,0.00,0.00,0,0,0.00,0.00,0.00,0,0,0.00,0.00,0,0
1567025810,total,1281424.00,1281518.00,2562942.00,1281518,1281424,1243.00,1245.00,2488.00,1245,1243,0.00,0.00,0,0
1567025811,s5,0.00,0.00,0.00,0,0,0.00,0.00,0.00,0,0,0.00,0.00,0,0
1567025811,s1,0.00,0.00,0.00,0,0,0.00,0.00,0.00,0,0,0.00,0.00,0,0
1567025811,eth0,0.00,94.00,94.00,94,0,0.00,1.00,1.00,1,0,0.00,0.00,0,0
1567025811,eth1,0.00,94.00,94.00,94,0,0.00,1.00,1.00,1,0,0.00,0.00,0,0
1567025811,s2,0.00,0.00,0.00,0,0,0.00,0.00,0.00,0,0,0.00,0.00,0,0
1567025811,s1-eth2,30632.00,1250564.00,1281196.00,1250564,30632,414.00,826.00,1240.00,826,414,0.00,0.00,0,0
1567025811,s1-eth1,1250634.00,30562.00,1281196.00,30562,1250634,827.00,413.00,1240.00,413,827,0.00,0.00,0,0
1567025811,s3,0.00,0.00,0.00,0,0,0.00,0.00,0.00,0,0,0.00,0.00,0,0
1567025811,lo,172.00,172.00,344.00,172,172,3.00,3.00,6.00,3,3,0.00,0.00,0,0
1567025811,s4,0.00,0.00,0.00,0,0,0.00,0.00,0.00,0,0,0.00,0.00,0,0
1567025811,total,1281438.00,1281486.00,2562924.00,1281486,1281438,1244.00,1244.00,2488.00,1244,1244,0.00,0.00,0,0
1567025812,s5,0.00,0.00,0.00,0,0,0.00,0.00,0.00,0,0,0.00,0.00,0,0
1567025812,s1,0.00,0.00,0.00,0,0,0.00,0.00,0.00,0,0,0.00,0.00,0,0
1567025812,eth0,0.00,214.00,214.00,214,0,0.00,3.00,3.00,3,0,0.00,0.00,0,0
1567025812,eth1,0.00,214.00,214.00,214,0,0.00,3.00,3.00,3,0,0.00,0.00,0,0
1567025812,s2,0.00,0.00,0.00,0,0,0.00,0.00,0.00,0,0,0.00,0.00,0,0
1567025812,s1-eth2,30904.00,1250564.00,1281468.00,1250564,30904,414.00,826.00,1240.00,826,414,0.00,0.00,0,0
1567025812,s1-eth1,1250564.00,30562.00,1281126.00,30562,1250564,826.00,413.00,1239.00,413,826,0.00,0.00,0,0
1567025812,s3,0.00,0.00,0.00,0,0,0.00,0.00,0.00,0,0,0.00,0.00,0,0
1567025812,lo,0.00,0.00,0.00,0,0,0.00,0.00,0.00,0,0,0.00,0.00,0,0
1567025812,s4,0.00,0.00,0.00,0,0,0.00,0.00,0.00,0,0,0.00,0.00,0,0
1567025812,total,1281468.00,1281554.00,2563022.00,1281554,1281468,1240.00,1245.00,2485.00,1245,1240,0.00,0.00,0,0
1567025813,s5,0.00,0.00,0.00,0,0,0.00,0.00,0.00,0,0,0.00,0.00,0,0
1567025813,s1,0.00,0.00,0.00,0,0,0.00,0.00,0.00,0,0,0.00,0.00,0,0
1567025813,eth0,0.00,171.00,171.00,171,0,0.00,2.00,2.00,2,0,0.00,0.00,0,0
1567025813,eth1,0.00,171.00,171.00,171,0,0.00,2.00,2.00,2,0,0.00,0.00,0,0
1567025813,s2,0.00,0.00,0.00,0,0,0.00,0.00,0.00,0,0,0.00,0.00,0,0
1567025813,s1-eth2,30562.00,1250564.00,1281126.00,1250564,30562,413.00,826.00,1239.00,826,413,0.00,0.00,0,0
1567025813,s1-eth1,1250906.00,30562.00,1281468.00,30562,1250906,827.00,413.00,1240.00,413,827,0.00,0.00,0,0
1567025813,s3,0.00,0.00,0.00,0,0,0.00,0.00,0.00,0,0,0.00,0.00,0,0
1567025813,lo,0.00,0.00,0.00,0,0,0.00,0.00,0.00,0,0,0.00,0.00,0,0
1567025813,s4,0.00,0.00,0.00,0,0,0.00,0.00,0.00,0,0,0.00,0.00,0,0
1567025813,total,1281468.00,1281468.00,2562936.00,1281468,1281468,1240.00,1243.00,2483.00,1243,1240,0.00,0.00,0,0
1567025814,s5,0.00,0.00,0.00,0,0,0.00,0.00,0.00,0,0,0.00,0.00,0,0
1567025814,s1,0.00,0.00,0.00,0,0,0.00,0.00,0.00,0,0,0.00,0.00,0,0
1567025814,eth0,0.00,153.85,153.85,154,0,0.00,2.00,2.00,2,0,0.00,0.00,0,0
1567025814,eth1,0.00,153.85,153.85,154,0,0.00,2.00,2.00,2,0,0.00,0.00,0,0
1567025814,s2,0.00,0.00,0.00,0,0,0.00,0.00,0.00,0,0,0.00,0.00,0,0
1567025814,s1-eth2,20933.07,836595.44,857528.50,837432,20954,282.72,555.44,838.16,556,283,0.00,0.00,0,0
1567025814,s1-eth1,848695.31,20933.07,869628.38,20954,849544,563.44,282.72,846.15,283,564,0.00,0.00,0,0
1567025814,s3,0.00,0.00,0.00,0,0,0.00,0.00,0.00,0,0,0.00,0.00,0,0
1567025814,lo,687.31,687.31,1374.63,688,688,11.99,11.99,23.98,12,12,0.00,0.00,0,0
1567025814,s4,0.00,0.00,0.00,0,0,0.00,0.00,0.00,0,0,0.00,0.00,0,0
1567025814,total,870315.69,858523.50,1728839.25,859382,871186,858.14,854.15,1712.29,855,859,0.00,0.00,0,0
1567025815,s5,0.00,0.00,0.00,0,0,0.00,0.00,0.00,0,0,0.00,0.00,0,0
1567025815,s1,0.00,0.00,0.00,0,0,0.00,0.00,0.00,0,0,0.00,0.00,0,0
1567025815,eth0,0.00,153.85,153.85,154,0,0.00,2.00,2.00,2,0,0.00,0.00,0,0
1567025815,eth1,0.00,153.85,153.85,154,0,0.00,2.00,2.00,2,0,0.00,0.00,0,0
1567025815,s2,0.00,0.00,0.00,0,0,0.00,0.00,0.00,0,0,0.00,0.00,0,0
1567025815,s1-eth2,0.00,0.00,0.00,0,0,0.00,0.00,0.00,0,0,0.00,0.00,0,0
1567025815,s1-eth1,0.00,0.00,0.00,0,0,0.00,0.00,0.00,0,0,0.00,0.00,0,0
1567025815,s3,0.00,0.00,0.00,0,0,0.00,0.00,0.00,0,0,0.00,0.00,0,0
1567025815,lo,0.00,0.00,0.00,0,0,0.00,0.00,0.00,0,0,0.00,0.00,0,0
1567025815,s4,0.00,0.00,0.00,0,0,0.00,0.00,0.00,0,0,0.00,0.00,0,0
1567025815,total,0.00,307.69,307.69,308,0,0.00,4.00,4.00,4,0,0.00,0.00,0,0
1567025816,s5,0.00,0.00,0.00,0,0,0.00,0.00,0.00,0,0,0.00,0.00,0,0
1567025816,s1,0.00,0.00,0.00,0,0,0.00,0.00,0.00,0,0,0.00,0.00,0,0
1567025816,eth0,0.00,154.00,154.00,154,0,0.00,2.00,2.00,2,0,0.00,0.00,0,0
1567025816,eth1,0.00,154.00,154.00,154,0,0.00,2.00,2.00,2,0,0.00,0.00,0,0
1567025816,s2,0.00,0.00,0.00,0,0,0.00,0.00,0.00,0,0,0.00,0.00,0,0
1567025816,s1-eth2,0.00,0.00,0.00,0,0,0.00,0.00,0.00,0,0,0.00,0.00,0,0
1567025816,s1-eth1,342.00,0.00,342.00,0,342,1.00,0.00,1.00,0,1,0.00,0.00,0,0
1567025816,s3,0.00,0.00,0.00,0,0,0.00,0.00,0.00,0,0,0.00,0.00,0,0
1567025816,lo,172.00,172.00,344.00,172,172,3.00,3.00,6.00,3,3,0.00,0.00,0,0
1567025816,s4,0.00,0.00,0.00,0,0,0.00,0.00,0.00,0,0,0.00,0.00,0,0
1567025816,total,514.00,480.00,994.00,480,514,4.00,7.00,11.00,7,4,0.00,0.00,0,0
1567025817,s5,0.00,0.00,0.00,0,0,0.00,0.00,0.00,0,0,0.00,0.00,0,0
1567025817,s1,0.00,0.00,0.00,0,0,0.00,0.00,0.00,0,0,0.00,0.00,0,0
1567025817,eth0,0.00,94.00,94.00,94,0,0.00,1.00,1.00,1,0,0.00,0.00,0,0
1567025817,eth1,0.00,94.00,94.00,94,0,0.00,1.00,1.00,1,0,0.00,0.00,0,0
1567025817,s2,0.00,0.00,0.00,0,0,0.00,0.00,0.00,0,0,0.00,0.00,0,0
1567025817,s1-eth2,0.00,0.00,0.00,0,0,0.00,0.00,0.00,0,0,0.00,0.00,0,0
1567025817,s1-eth1,0.00,0.00,0.00,0,0,0.00,0.00,0.00,0,0,0.00,0.00,0,0
1567025817,s3,0.00,0.00,0.00,0,0,0.00,0.00,0.00,0,0,0.00,0.00,0,0
1567025817,lo,0.00,0.00,0.00,0,0,0.00,0.00,0.00,0,0,0.00,0.00,0,0
1567025817,s4,0.00,0.00,0.00,0,0,0.00,0.00,0.00,0,0,0.00,0.00,0,0
1567025817,total,0.00,188.00,188.00,188,0,0.00,2.00,2.00,2,0,0.00,0.00,0,0
1567025818,s5,0.00,0.00,0.00,0,0,0.00,0.00,0.00,0,0,0.00,0.00,0,0
1567025818,s1,0.00,0.00,0.00,0,0,0.00,0.00,0.00,0,0,0.00,0.00,0,0
1567025818,eth0,0.00,214.00,214.00,214,0,0.00,3.00,3.00,3,0,0.00,0.00,0,0
1567025818,eth1,0.00,214.00,214.00,214,0,0.00,3.00,3.00,3,0,0.00,0.00,0,0
1567025818,s2,0.00,0.00,0.00,0,0,0.00,0.00,0.00,0,0,0.00,0.00,0,0
1567025818,s1-eth2,107.00,0.00,107.00,0,107,1.00,0.00,1.00,0,1,0.00,0.00,0,0
1567025818,s1-eth1,107.00,0.00,107.00,0,107,1.00,0.00,1.00,0,1,0.00,0.00,0,0
1567025818,s3,0.00,0.00,0.00,0,0,0.00,0.00,0.00,0,0,0.00,0.00,0,0
1567025818,lo,0.00,0.00,0.00,0,0,0.00,0.00,0.00,0,0,0.00,0.00,0,0
1567025818,s4,0.00,0.00,0.00,0,0,0.00,0.00,0.00,0,0,0.00,0.00,0,0
1567025818,total,214.00,428.00,642.00,428,214,2.00,6.00,8.00,6,2,0.00,0.00,0,0
1567025819,s5,0.00,0.00,0.00,0,0,0.00,0.00,0.00,0,0,0.00,0.00,0,0
1567025819,s1,0.00,0.00,0.00,0,0,0.00,0.00,0.00,0,0,0.00,0.00,0,0
1567025819,eth0,0.00,171.00,171.00,171,0,0.00,2.00,2.00,2,0,0.00,0.00,0,0
1567025819,eth1,0.00,171.00,171.00,171,0,0.00,2.00,2.00,2,0,0.00,0.00,0,0
1567025819,s2,0.00,0.00,0.00,0,0,0.00,0.00,0.00,0,0,0.00,0.00,0,0
1567025819,s1-eth2,0.00,0.00,0.00,0,0,0.00,0.00,0.00,0,0,0.00,0.00,0,0
1567025819,s1-eth1,0.00,0.00,0.00,0,0,0.00,0.00,0.00,0,0,0.00,0.00,0,0
1567025819,s3,0.00,0.00,0.00,0,0,0.00,0.00,0.00,0,0,0.00,0.00,0,0
1567025819,lo,688.00,688.00,1376.00,688,688,12.00,12.00,24.00,12,12,0.00,0.00,0,0
1567025819,s4,0.00,0.00,0.00,0,0,0.00,0.00,0.00,0,0,0.00,0.00,